0.5641895835
0.0
-0.0
-0.0
-0.0
0.0
-0.0
-0.0
-0.0
0.0
0.0
0.0
0.0
-0.0
-0.0
0.0
-0.0
0.0
0.0
0.0
0.0
-0.0
0.0
0.0
-0.0
0.0
-0.0
-0.0
0.0
-0.0
0.0
0.0
0.0
0.0
0.0
-0.0
-0.0
0.0
-0.0
-0.0
0.0
0.0
-0.0
-0.0
0.0
-0.0
-1.1283791671
-0.0
0.0
0.0
0.0
-0.0
0.0
-0.0
-0.0
-0.0
-0.0
0.0
-0.0
0.0
0.0
-0.0
0.0
-0.0
-0.0
0.0
-0.0
-0.0
0.0
0.0
-0.0
-0.0
-0.0
-0.0
0.0
0.0
-0.0
-0.0
0.0
0.0
0.0
-0.0
-0.0
-0.0
0.0
0.0
-0.0
0.0
0.0
0.0
-0.0
-1.1283791671
-0.0
-0.0
-0.0
0.0
0.0
0.0
-0.0
-0.0
0.0
-0.0
-0.0
-0.0
0.0
-0.0
-0.0
-0.0
-0.0
0.0
0.0
-0.0
-0.0
-0.0
0.0
0.0
0.0
-0.0
0.0
0.0
-0.0
0.0
0.0
-0.0
0.0
-0.0
0.0
-0.0
-0.0
-0.0
0.0
0.0
-0.0
0.0
-0.0
-1.1283791667
0.0
0.0
-0.0
0.0
0.0
-0.0
-0.0
-0.0
0.0
-0.0
-0.0
-0.0
0.0
1.2e-09
-0.0
-0.0
-0.0
-0.0
0.0
0.0
0.0
0.0
0.0
-0.0
-0.0
-0.0
-0.0
0.0
0.0
0.0
0.0
0.0
0.0
-0.0
0.0
3.3e-09
0.0
-0.0
0.0
0.0
-0.0
-0.0
-1.1283791671
-0.0
-0.0
0.0
-0.0
-0.0
-0.0
-0.0
0.0
0.0
0.0
-0.0
-0.0
0.0
-0.0
0.0
0.0
-0.0
-0.0
-0.0
-0.0
0.0
-0.0
-0.0
0.0
-0.0
0.0
-0.0
-0.0
-0.0
0.0
0.0
0.0
-0.0
-0.0
-0.0
-0.0
0.0
0.0
-0.0
0.0
-0.0
-1.1283791671
-0.0
-0.0
-0.0
0.0
0.0
0.0
0.0
-0.0
-0.0
-0.0
-0.0
0.0
-0.0
0.0
0.0
0.0
-0.0
0.0
0.0
0.0
-0.0
-0.0
0.0
-0.0
0.0
0.0
0.0
-0.0
0.0
0.0
-0.0
-0.0
-0.0
0.0
0.0
-0.0
-0.0
-0.0
-0.0
-0.0
-2.8209479177
-0.0
0.0
-0.0
-0.0
-0.0
-0.0
-0.0
0.0
0.0
-0.0
-0.0
0.0
0.0
-0.0
-0.0
0.0
0.0
0.0
-0.0
0.0
-0.0
-0.0
0.0
0.0
-0.0
-0.0
-0.0
0.0
0.0
0.0
0.0
-0.0
-0.0
-0.0
0.0
-0.0
0.0
-0.0
-0.0
-2.8209479177
-0.0
0.0
0.0
0.0
0.0
-0.0
-0.0
-0.0
-0.0
-0.0
-0.0
0.0
-0.0
-0.0
-0.0
-0.0
-0.0
0.0
-0.0
0.0
0.0
-0.0
0.0
-0.0
0.0
-0.0
-0.0
-0.0
-0.0
-0.0
-0.0
-0.0
-0.0
0.0
0.0
-0.0
-0.0
0.0
-2.8209479177
-0.0
-0.0
-0.0
-0.0
0.0
0.0
0.0
0.0
0.0
0.0
0.0
0.0
0.0
0.0
-0.0
-0.0
0.0
0.0
0.0
-0.0
0.0
0.0
0.0
-0.0
0.0
-0.0
-0.0
0.0
0.0
0.0
0.0
-0.0
0.0
-0.0
-0.0
0.0
0.0
-2.8209479177
0.0
0.0
-0.0
-0.0
-0.0
0.0
-0.0
-1e-10
-0.0
0.0
0.0
0.0
0.0
-0.0
-0.0
-0.0
0.0
-0.0
-0.0
-0.0
0.0
-0.0
0.0
0.0
0.0
-0.0
0.0
0.0
-0.0
-0.0
-0.0
-0.0
0.0
0.0
0.0
-0.0
-2.8209479177
0.0
-0.0
0.0
0.0
0.0
0.0
-0.0
0.0
-0.0
0.0
0.0
-0.0
0.0
0.0
-0.0
-0.0
0.0
0.0
-0.0
0.0
-0.0
-0.0
0.0
-0.0
-0.0
0.0
0.0
-0.0
0.0
0.0
-0.0
-0.0
-0.0
-0.0
-0.0
-2.8209479177
-0.0
0.0
-0.0
0.0
-0.0
-0.0
0.0
-0.0
0.0
0.0
0.0
-0.0
0.0
-0.0
-0.0
0.0
0.0
0.0
-0.0
0.0
0.0
-0.0
-0.0
0.0
0.0
0.0
-0.0
0.0
0.0
-0.0
0.0
-0.0
0.0
0.0
-2.8209479177
-0.0
-0.0
0.0
0.0
-0.0
-0.0
-0.0
0.0
0.0
-0.0
-0.0
0.0
-0.0
-0.0
-0.0
-0.0
0.0
0.0
0.0
-0.0
-0.0
-0.0
0.0
-0.0
0.0
-0.0
0.0
0.0
-0.0
0.0
-0.0
-0.0
0.0
-5.0777062519
-0.0
0.0
-0.0
0.0
-0.0
0.0
-0.0
-0.0
-0.0
0.0
0.0
-0.0
0.0
-0.0
0.0
0.0
0.0
-0.0
0.0
1e-10
-0.0
-0.0
-0.0
0.0
-0.0
-0.0
0.0
0.0
0.0
0.0
0.0
-0.0
-5.0777062519
0.0
0.0
-0.0
-0.0
0.0
-0.0
-0.0
-0.0
-0.0
0.0
0.0
0.0
-0.0
-0.0
0.0
0.0
-0.0
0.0
0.0
0.0
-0.0
0.0
-0.0
0.0
-0.0
-0.0
-0.0
0.0
-0.0
-0.0
-0.0
-5.0777062519
-0.0
0.0
-0.0
0.0
-0.0
0.0
0.0
0.0
-0.0
-0.0
-0.0
-0.0
-0.0
0.0
-0.0
-0.0
0.0
-0.0
-0.0
-0.0
0.0
-0.0
0.0
0.0
0.0
0.0
0.0
-0.0
0.0
0.0
-5.0777062519
-0.0
-0.0
0.0
-0.0
0.0
0.0
0.0
0.0
0.0
0.0
-0.0
0.0
0.0
0.0
0.0
0.0
-0.0
0.0
-0.0
-0.0
-0.0
0.0
-0.0
-0.0
0.0
0.0
0.0
-0.0
0.0
-5.077706252
-0.0
0.0
0.0
-0.0
-0.0
0.0
-0.0
0.0
0.0
-3e-10
-0.0
0.0
0.0
-0.0
-0.0
-0.0
0.0
-0.0
-0.0
-0.0
0.0
-1e-10
0.0
-0.0
0.0
-0.0
-0.0
0.0
-5.0777062519
-0.0
-0.0
0.0
-0.0
0.0
0.0
0.0
0.0
-0.0
0.0
-0.0
-0.0
-0.0
-0.0
0.0
-0.0
0.0
0.0
0.0
-0.0
-0.0
0.0
-0.0
0.0
0.0
-0.0
0.0
-5.0777062519
0.0
-0.0
0.0
0.0
-0.0
0.0
-0.0
-0.0
0.0
-0.0
0.0
0.0
-0.0
0.0
0.0
-0.0
0.0
0.0
-0.0
0.0
-0.0
-0.0
-0.0
0.0
0.0
0.0
-5.0777062519
-0.0
-0.0
-0.0
0.0
0.0
0.0
0.0
0.0
-0.0
0.0
0.0
-0.0
-0.0
-0.0
-0.0
0.0
-0.0
-0.0
-0.0
-0.0
0.0
-0.0
0.0
-0.0
0.0
-5.0777062519
0.0
-0.0
0.0
0.0
0.0
-0.0
0.0
-0.0
-0.0
0.0
0.0
-0.0
0.0
0.0
-0.0
-0.0
-0.0
0.0
-0.0
-0.0
-0.0
-0.0
0.0
-1e-10
-7.8986541696
-0.0
-0.0
0.0
-0.0
-0.0
-0.0
0.0
0.0
0.0
-0.0
-1.61e-08
0.0
0.0
0.0
0.0
0.0
-0.0
0.0
-0.0
-0.0
-0.0
-0.0
-0.0
-7.8986541697
0.0
0.0
0.0
-0.0
0.0
0.0
0.0
-0.0
-0.0
-0.0
-0.0
0.0
0.0
0.0
0.0
0.0
0.0
0.0
0.0
-0.0
0.0
0.0
-7.8986541697
-0.0
0.0
-0.0
-0.0
0.0
-0.0
-0.0
0.0
0.0
0.0
-0.0
-0.0
0.0
-0.0
-0.0
0.0
0.0
-0.0
-0.0
0.0
0.0
-7.8986541697
-0.0
0.0
-0.0
0.0
0.0
0.0
-0.0
-0.0
0.0
-0.0
-0.0
-0.0
-0.0
0.0
-0.0
-0.0
-0.0
0.0
0.0
-0.0
-7.8986541697
-0.0
-0.0
0.0
-0.0
0.0
-0.0
0.0
0.0
0.0
-0.0
0.0
0.0
0.0
-0.0
0.0
-0.0
0.0
0.0
-0.0
-7.8986541697
0.0
0.0
-0.0
-0.0
0.0
0.0
-0.0
0.0
-0.0
0.0
-0.0
-0.0
-0.0
-0.0
0.0
-0.0
-0.0
0.0
-7.8986541697
0.0
-0.0
-0.0
-0.0
-0.0
0.0
0.0
0.0
0.0
-0.0
-0.0
0.0
-0.0
-0.0
-0.0
0.0
-0.0
-7.8986541697
0.0
-0.0
0.0
0.0
0.0
-0.0
-0.0
-0.0
-0.0
0.0
0.0
-0.0
0.0
-0.0
-0.0
0.0
-7.8986541697
0.0
0.0
0.0
-0.0
-0.0
-0.0
0.0
0.0
-0.0
-0.0
-0.0
-0.0
0.0
0.0
-0.0
-7.8986541697
0.0
0.0
0.0
-0.0
0.0
-0.0
0.0
0.0
-0.0
0.0
-0.0
0.0
0.0
0.0
-7.8986541698
-0.0
-0.0
-0.0
-0.0
0.0
0.0
-0.0
0.0
-0.0
-0.0
-0.0
-0.0
1.61e-08
-11.283790201
-0.0
-3e-10
-0.0
-0.0
0.0
-0.0
-0.0
-0.0
-0.0
0.0
-0.0
0.0
-11.2837916705
0.0
-0.0
-0.0
-0.0
0.0
0.0
-0.0
0.0
-0.0
-0.0
0.0
-11.283791671
-0.0
0.0
-0.0
0.0
-0.0
0.0
0.0
-0.0
0.0
0.0
-11.283791671
0.0
0.0
0.0
-0.0
-0.0
-0.0
0.0
0.0
0.0
-11.283791671
0.0
0.0
-0.0
0.0
-0.0
0.0
0.0
-0.0
-11.283791671
0.0
-0.0
-0.0
-0.0
0.0
-0.0
0.0
-11.2837916708
-0.0
0.0
-0.0
-0.0
0.0
0.0
-11.283791671
-0.0
-0.0
0.0
-0.0
-0.0
-11.283791671
-0.0
-0.0
0.0
0.0
-11.283791671
-0.0
0.0
0.0
-11.283791671
-0.0
3e-10
-11.2837916715
-0.0
-11.2837931409
-0.0
0.0
-3.6044750315
0.0
-0.0
0.0
-0.0
-0.0
0.0
0.0
0.0
-0.0
0.0
-0.0
0.0
0.0
0.2417955358
-0.0
0.0
-0.0
-1.430481681
-0.0
0.0
-0.0
0.0
0.0
0.0
-0.0
0.0
0.0
-0.0
-0.0
0.0
0.0
-0.0
0.0
0.0
0.0
-0.0
0.0
0.0
0.0
0.0
-0.0
0.0
-0.0
0.0
3.1215669445
-0.0
-0.0
0.0
-0.0
-0.0
0.0
-0.0
0.0
0.0
-0.0
-0.0
0.0
0.0
-0.3823123106
0.0
-1.011503297
-0.0
0.0
0.0
-0.0
0.0
-0.0
0.0
-0.0
-0.0
0.0
-0.0
-0.0
-0.0
-0.0
0.0
-0.0
0.0
-0.0
-0.0
-0.0
-0.0
0.0
0.0
0.0
-0.0
0.0
-0.0
-0.0
0.0
-0.0
-0.0
0.0
-0.0
0.0
0.0
0.0
0.0
0.9364700834
-0.0
0.0
-0.0
0.0
-0.0
-0.0
0.0
0.0
-0.0
-0.0
-0.0
-0.0
-0.0
0.0
-0.0
-0.0
0.0
-0.0
0.0
-0.0
-0.0
-0.0
0.0
0.0
0.0
-0.0
-0.0
0.0
-0.0
0.0
0.0
-0.0
-0.0
-0.0
0.0
-0.0
-0.0
-0.0
0.0
-0.0
1.011503297
-0.0
-0.3823123106
-0.0
0.0
0.0
0.0
-0.0
-0.0
-0.0
-0.0
-0.0
-0.0
-0.0
-0.0
-0.0
-0.0
-0.0
0.0
0.0
0.0
-0.0
-0.0
-0.0
-0.0
0.0
-0.0
0.0
0.0
-0.0
0.0
-0.0
0.0
-0.0
0.0
0.0
-0.0
0.0
0.0
-0.0
1.430481681
-0.0
0.0
-0.0
-0.0
0.0
-0.0
0.0
-0.0
-0.0
0.0
0.0
0.0
-0.0
-0.0
-0.0
-0.0
0.0
-0.0
0.0
0.0
0.0
-0.0
-0.0
0.0
0.0
0.0
-0.0
-0.0
0.0
0.0
-0.0
-0.0
0.0
-0.0
0.0
0.0
-4.7015798629
0.0
0.0
-0.0
-0.0
-0.0
0.0
-0.0
0.0
0.0
-0.0
-0.0
0.0
0.0
-0.0
0.0
0.0
-0.0
0.2372064482
0.0
-0.0
0.0
-3.4374480076
-0.0
-0.0
0.0
-0.0
0.0
0.0
0.0
0.0
0.0
0.0
0.0
-0.0
-5.9e-09
-0.0
-0.0
-9.4031597258
-0.0
-0.0
0.0
0.0
0.0
-0.0
-0.0
-0.0
0.0
0.0
-0.0
-0.0
0.0
0.0
-0.0
-0.0
0.0
0.750112652
0.0
0.0
-0.0
-2.6626357774
-0.0
-0.0
-0.0
-0.0
-0.0
0.0
-0.0
0.0
0.0
0.0
0.0
-0.0
-0.0
0.0
0.0
-0.0
7.2836562039
-0.0
4.7015798629
-0.0
-0.0
0.0
-0.0
-0.0
-0.0
-0.0
0.0
0.0
-0.0
-0.0
-0.0
0.0
0.0
0.0
-0.9186966235
0.0
-1.9846115325
0.0
-0.0
0.0
0.0
0.0
0.0
-0.0
-0.0
0.0
-0.0
-0.0
0.0
-0.0
0.0
0.0
0.0
0.0
-0.0
0.0
-0.0
0.0
0.0
-0.0
-0.0
0.0
-0.0
0.0
-0.0
0.0
0.0
0.0
1.9846115325
-0.0
0.0
0.0
0.0
-0.0
-0.0
-0.0
-0.0
0.0
-0.0
0.0
-0.0
0.0
0.0
-0.0
0.0
-0.0
-0.0
0.0
-0.0
0.0
0.0
-0.0
0.0
-0.0
-0.0
-0.0
0.0
-0.0
-0.0
-0.0
0.0
-0.0
-0.0
1.9846115325
-0.0
-0.9186966235
-0.0
0.0
-0.0
0.0
-0.0
-0.0
0.0
0.0
-0.0
-0.0
-0.0
-0.0
0.0
0.0
-0.0
0.0
-0.0
-0.0
0.0
0.0
0.0
0.0
-0.0
0.0
0.0
0.0
-0.0
-0.0
-0.0
-0.0
0.0
2.6626357774
0.0
0.0
0.0
0.0
-0.0
-0.0
-0.0
-0.0
-0.0
-0.0
-0.0
0.0
0.0
0.0
0.0
-0.0
0.0
-0.0
0.0
-0.0
0.0
0.0
-0.0
-0.0
-0.0
0.0
-0.0
-0.0
-0.0
0.0
-0.0
0.0
3.4374480077
-0.0
-0.0
-0.0
-0.2372064482
0.0
0.0
0.0
0.0
-0.0
-0.0
-5.9e-09
0.0
0.0
0.0
0.0
0.0
-0.0
-0.0
0.0
0.0
-0.0
0.0
-0.0
0.0
-0.0
-0.0
-0.0
-0.0
-0.0
-6.7572735023
0.0
0.0
0.0
-0.0
0.0
0.0
0.0
-0.0
-0.0
-0.0
0.0
-0.0
-7.3e-09
-0.0
0.0
-0.0
0.0
-0.0
-0.0
-0.0
0.0
0.2699056356
0.0
-1e-10
-0.0
-6.0050206294
0.0
-0.0
0.0
-0.0
-10.1359102534
-0.0
0.0
0.0
0.0
-0.0
0.0
-0.0
-0.0
-0.0
-0.0
0.0
0.0
-0.0
0.0
0.0
0.0
-0.0
-0.0
-0.0
0.0
-0.0
0.6035273488
-0.0
-0.0
-0.0
-4.9030793596
0.0
-0.0
-0.0
-17.1328153524
-0.0
-0.0
0.0
6.7572735023
0.0
-0.0
0.0
0.0
-0.0
0.0
0.0
-0.0
-0.0
-0.0
0.0
-0.0
-0.0
0.0
-0.0
0.0
0.0
1.4783340503
-0.0
0.0
-0.0
-3.9113042519
0.0
-2e-10
0.0
0.0
12.7700465913
-0.0
10.1359102534
0.0
0.0
-0.0
-0.0
0.0
-0.0
-0.0
-0.0
-0.0
0.0
0.0
0.0
-0.0
0.0
0.0
-0.0
-0.0
0.0
0.0
-1.5967832743
-0.0
-3.0296832459
0.0
-0.0
-0.0
0.0
-0.0
-0.0
-0.0
-0.0
-0.0
-0.0
0.0
-0.0
-0.0
0.0
-0.0
0.0
0.0
-0.0
-0.0
0.0
0.0
0.0
0.0
3.1935665486
-0.0
0.0
0.0
0.0
-0.0
-0.0
0.0
-0.0
0.0
-0.0
-0.0
-0.0
0.0
0.0
-0.0
-0.0
-0.0
0.0
-0.0
-0.0
0.0
0.0
-0.0
-0.0
-0.0
0.0
3.0296832459
0.0
-1.5967832743
-0.0
0.0
-0.0
0.0
-0.0
-0.0
0.0
0.0
-0.0
0.0
0.0
0.0
-0.0
-0.0
0.0
0.0
0.0
-0.0
-0.0
0.0
-0.0
-2e-10
0.0
3.9113042519
0.0
0.0
-0.0
0.0
0.0
-0.0
-0.0
-0.0
-0.0
0.0
-0.0
-0.0
-0.0
-0.0
0.0
0.0
0.0
-0.0
0.0
0.0
-0.0
0.0
0.0
-0.0
4.90307936
-0.0
-0.0
0.0
-0.6035273488
0.0
-0.0
0.0
0.0
0.0
-0.0
-0.0
-0.0
-7.3e-09
-0.0
0.0
-0.0
0.0
0.0
0.0
0.0
-0.0
0.0
-0.0
6.0050219705
0.0
-1e-10
-0.0
-0.2699056356
-0.0
0.0
-0.0
-0.0
0.0
0.0
0.0
0.0
0.0
0.0
-0.0
-0.0
-0.0
0.0
0.0
-0.0
-8.7697886753
0.0
7.207e-07
-0.0
-0.0
-0.0
-0.0
0.0
-0.0
0.0
0.0
-0.0
0.0
2.02e-08
0.0
-3.9021e-05
0.0
0.0
-0.0
0.0
-0.0
0.0
-13.5860981955
0.0
2e-10
-0.0
-0.0
0.0
0.0
0.0
-0.0
0.0
0.0
-0.0
-0.0
0.0
-0.0
-3.86e-08
0.0
0.0
0.0
-0.0
0.0
-16.9448415569
0.0
0.0
-0.0
8.769788675
0.0
0.0
-0.0
-0.0
-0.0
0.0
-0.0
0.0
0.0
-0.0
-0.0
-0.0
2.57e-08
-0.0
0.0
-26.7921469552
-0.0
-0.0
-0.0
13.5860981955
-0.0
0.0
0.0
-0.0
0.0
0.0
-0.0
-0.0
0.0
-0.0
-0.0
0.0
0.0
0.0
0.0
0.0
19.609843626
0.0
16.9448415569
0.0
0.0
-0.0
0.0
-0.0
-0.0
0.0
-0.0
0.0
0.0
-0.0
-0.0
0.0
-0.0
-0.0
0.0
-0.0
-0.0
-0.0
0.0
-0.0
-0.0
-0.0
0.0
0.0
0.0
-0.0
0.0
-0.0
-0.0
0.0
0.0
-0.0
0.0
0.0
0.0
-0.0
-0.0
0.0
-0.0
0.0
0.0
0.0
-0.0
0.0
-0.0
-0.0
-0.0
0.0
0.0
0.0
-0.0
0.0
0.0
0.0
-0.0
0.0
0.0
-0.0
-0.0
-0.0
0.0
-0.0
0.0
0.0
-0.0
0.0
-0.0
-0.0
-0.0
0.0
0.0
2.57e-08
0.0
-0.0
-0.0
0.0
-0.0
-0.0
0.0
0.0
-0.0
0.0
0.0
0.0
-0.0
-0.0
-0.0
-3.86e-08
-0.0
0.0
0.0
-0.0
0.0
-0.0
-0.0
-0.0
-0.0
-0.0
0.0
-0.0
-3.9021e-05
0.0
2.02e-08
-0.0
-0.0
-0.0
0.0
0.0
0.0
-0.0
0.0
-0.0
0.0
-0.0
-0.0
0.0
0.0
0.0
-0.0
-0.0
0.0
1e-10
0.0
-10.7586753055
0.0
0.0013086046
0.0
-0.0
-0.0
-0.0
-0.0
0.0
0.0
-0.0
-17.0109559935
0.0
3.5786e-06
0.0
0.0
-0.0
-0.0
0.0
-0.0
-0.0
-21.7604880219
0.0
5e-10
0.0
10.7586711407
0.0
0.0
-0.0
0.0
-25.1268472343
0.0
0.0
-0.0
17.0109559929
-0.0
-0.0
0.0
-38.3818931422
-0.0
-0.0
-0.0
21.7604880219
-0.0
1e-10
0.0
0.0
27.8103236878
-0.0
25.1268472343
-0.0
0.0
0.0
0.0
-0.0
-0.0
0.0
0.0
-0.0
0.0
0.0
-0.0
-0.0
0.0
0.0
0.0
0.0
-0.0
0.0
0.0
-0.0
-0.0
-0.0
0.0
-0.0
-0.0
0.0
-0.0
-0.0
0.0
0.0
0.0
1.8022375157
0.0
-3.1215669445
0.0
-0.0
-0.0
0.0
0.0
0.0
-0.0
0.0
0.0
-0.0
0.0
-0.9671821432
-0.0
-1.0813425094
-0.0
0.0
-0.0
-0.0
0.0
-0.0
0.0
0.0
0.0
0.0
-0.0
0.0
-0.0
-0.0
0.0
0.0
-0.0
-0.0
-0.0
-0.0
-0.0
0.0
0.0
0.0
-0.0
0.0
0.0
-0.0
0.0
-0.0
0.0
-0.0
0.0
-0.0
0.0
-0.0
-0.0
0.0
0.0
1.3243686927
-0.0
0.0
0.0
-0.0
-0.0
0.0
0.0
0.0
0.0
-0.0
0.0
-0.0
0.0
0.0
0.0
0.0
-0.0
-0.0
-0.0
-0.0
0.0
0.0
-0.0
0.0
-0.0
0.0
-0.0
-0.0
0.0
0.0
-0.0
-0.0
-0.0
0.0
0.0
0.0
0.0
0.0
-0.0
-0.0
1.0813425094
-0.0
0.0
-0.0
0.0
0.0
0.0
0.0
-0.0
-0.0
-0.0
0.0
0.0
-0.0
-0.0
-0.0
-0.0
-0.0
-0.0
0.0
-0.0
-0.0
-0.0
-0.0
-0.0
-0.0
0.0
0.0
-0.0
0.0
-0.0
0.0
0.0
-0.0
0.0
-0.0
-0.0
-0.0
0.0
-0.0
1.011503297
0.0
0.3823123106
-0.0
-0.0
-0.0
-0.0
0.0
-0.0
-0.0
0.0
0.0
0.0
-0.0
0.0
0.0
0.0
-0.0
-0.0
-0.0
0.0
0.0
0.0
-0.0
-0.0
-0.0
-0.0
0.0
0.0
-0.0
-0.0
0.0
-0.0
-0.0
0.0
0.0
-0.0
7.433850484
0.0
0.0
0.0
-0.0
-0.0
-0.0
0.0
0.0
-0.0
-0.0
-0.0
0.0
0.0
-0.0
0.0
-0.0
0.0
-0.6275892713
0.0
-2.1740330085
-0.0
0.0
-0.0
-0.0
-0.0
0.0
-0.0
-0.0
0.0
-0.0
0.0
-0.0
-0.0
-0.0
0.0
-0.0
-0.0
5.7582358245
0.0
-7.433850484
0.0
0.0
0.0
-0.0
-0.0
-0.0
-0.0
-0.0
-0.0
0.0
-0.0
0.0
-0.0
0.0
0.0
-1.1620695236
-0.0
-2.5103570854
0.0
0.0
-0.0
-0.0
0.0
-0.0
-0.0
0.0
0.0
0.0
0.0
0.0
-0.0
0.0
-0.0
0.0
2.9735401936
-0.0
-5.7582358245
-0.0
0.0
0.0
-0.0
-0.0
-0.0
0.0
0.0
-0.0
0.0
0.0
0.0
0.0
-0.0
0.0
-2.3720644821
-0.0
-2.4306427962
-0.0
0.0
0.0
0.0
-0.0
0.0
0.0
0.0
-0.0
-0.0
0.0
-0.0
-0.0
-0.0
-0.0
-0.0
-0.0
-0.0
0.0
-0.0
0.0
0.0
-0.0
-0.0
0.0
-0.0
-0.0
-0.0
0.0
0.0
-0.0
0.0
0.0
3.0004506081
-0.0
-0.0
0.0
-0.0
0.0
-0.0
0.0
0.0
0.0
0.0
0.0
0.0
-0.0
-0.0
0.0
-0.0
0.0
-0.0
0.0
0.0
0.0
-0.0
0.0
-0.0
0.0
0.0
0.0
0.0
-0.0
-0.0
0.0
-0.0
-0.0
0.0
2.4306427962
-0.0
0.0
-0.0
0.0
0.0
0.0
0.0
0.0
0.0
0.0
-0.0
0.0
0.0
0.0
0.0
0.0
-0.0
-0.0
-0.0
-0.0
0.0
-0.0
0.0
0.0
-0.0
0.0
-0.0
0.0
-0.0
0.0
0.0
-0.0
-0.0
2.5103570854
-0.0
1.1620695236
-0.0
-0.0
0.0
-0.0
0.0
-0.0
-0.0
0.0
-0.0
-0.0
0.0
-0.0
-0.0
0.0
0.0
0.0
-0.0
-0.0
-0.0
-0.0
0.0
-0.0
-0.0
0.0
-0.0
0.0
-0.0
-0.0
-0.0
0.0
2.1740330085
0.0
0.6275892713
0.0
0.0
-0.0
0.0
0.0
-0.0
0.0
0.0
-0.0
0.0
0.0
0.0
-0.0
0.0
0.0
0.0
0.0
0.0
0.0
0.0
-0.0
0.0
0.0
-0.0
0.0
0.0
0.0
12.6417011571
0.0
0.0
-0.0
-0.0
-0.0
0.0
-0.0
0.0
0.0
0.0
-0.0
0.0
-0.0
0.0
0.0
-0.0
-0.0
0.0
-0.0
0.0
-0.0
-0.8097169069
0.0
-3.4670006639
-0.0
-0.0
0.0
-0.0
0.0
0.0
11.9452847895
0.0
-12.6417011571
-0.0
-0.0
0.0
0.0
-0.0
-0.0
0.0
-0.0
-0.0
-0.0
-0.0
0.0
0.0
0.0
-0.0
-0.0
0.0
-0.0
0.0
-1.5268168419
0.0
-4.1813601274
-0.0
0.0
-0.0
-0.0
-0.0
8.1268078867
0.0
-11.9452847895
-0.0
-0.0
0.0
-0.0
0.0
-0.0
-0.0
0.0
-0.0
0.0
-0.0
0.0
-0.0
0.0
-0.0
0.0
0.0
0.0
-0.0
-2.2581925627
-0.0
-4.284619136
-0.0
0.0
-0.0
-0.0
4.0382433055
-0.0
-8.1268078867
-0.0
-0.0
0.0
0.0
0.0
-0.0
-0.0
0.0
0.0
0.0
-0.0
-0.0
0.0
-0.0
0.0
0.0
-0.0
-0.0
0.0
-4.1813601274
0.0
-4.0395776612
0.0
0.0
0.0
-0.0
-0.0
-0.0
0.0
-0.0
0.0
-0.0
0.0
0.0
-0.0
-0.0
0.0
-0.0
-0.0
0.0
0.0
0.0
-0.0
0.0
0.0
0.0
0.0
5.0494720765
0.0
0.0
0.0
-0.0
-0.0
-0.0
-0.0
-0.0
0.0
0.0
0.0
0.0
0.0
-0.0
-0.0
0.0
-0.0
0.0
-0.0
0.0
0.0
0.0
-0.0
-0.0
-0.0
-0.0
4.0395776612
0.0
0.0
0.0
0.0
0.0
0.0
0.0
0.0
0.0
-0.0
-0.0
-0.0
0.0
0.0
-0.0
-0.0
-0.0
-0.0
-0.0
-0.0
0.0
-0.0
0.0
0.0
-0.0
4.284619136
-0.0
2.2581925627
-0.0
-0.0
0.0
-0.0
0.0
-0.0
0.0
-0.0
-0.0
-0.0
0.0
-0.0
0.0
0.0
-0.0
0.0
0.0
-0.0
-0.0
0.0
0.0
-0.0
4.1813601274
0.0
1.5268168419
0.0
-0.0
0.0
0.0
-0.0
-0.0
-0.0
0.0
-0.0
0.0
-0.0
-0.0
0.0
-0.0
-0.0
-0.0
0.0
-0.0
0.0
-0.0
0.0
3.467000664
0.0
0.8097169069
0.0
-0.0
-0.0
-0.0
-0.0
0.0
0.0
-0.0
-0.0
-0.0
0.0
-0.0
-0.0
0.0
0.0
-0.0
-0.0
-0.0
18.6035311254
-0.0
0.0
0.0
0.0
0.0
-0.0
-0.0
0.0
-0.0
0.0
0.0
0.0
-7.7e-09
-0.0
0.0
0.0
0.0
-0.0
-0.0
0.0
-0.0
19.4127547683
-0.0
-18.6035311253
0.0
0.0
-0.0
0.0
-0.0
-0.0
-0.0
-0.0
0.0
0.0
-0.0
-0.0
-7.1e-09
-0.0
0.0
0.0
0.0
0.0
16.0113702732
-0.0
-19.4127547683
-0.0
-0.0
-0.0
-0.0
0.0
-0.0
-0.0
-0.0
0.0
-0.0
-0.0
-0.0
-0.0
-0.0
0.0
-0.0
0.0
10.3765538967
0.0
-16.0113702732
0.0
-0.0
0.0
-0.0
0.0
0.0
0.0
-0.0
-0.0
0.0
-0.0
0.0
-0.0
0.0
0.0
-0.0
5.0632398524
0.0
-10.3765538967
-0.0
-0.0
0.0
-0.0
0.0
-0.0
0.0
0.0
-0.0
-0.0
0.0
-0.0
-0.0
0.0
0.0
0.0
0.0
-0.0
0.0
-0.0
-0.0
0.0
-0.0
-0.0
0.0
-0.0
-0.0
0.0
-0.0
-0.0
-0.0
-0.0
0.0
-0.0
-0.0
-0.0
0.0
0.0
0.0
-0.0
-0.0
0.0
0.0
0.0
0.0
0.0
-0.0
0.0
0.0
-0.0
-0.0
0.0
-0.0
0.0
-0.0
-0.0
0.0
0.0
-0.0
-0.0
-0.0
-0.0
-0.0
-0.0
0.0
-0.0
-0.0
-0.0
0.0
-0.0
-0.0
-0.0
0.0
0.0
-0.0
0.0
-0.0
0.0
0.0
0.0
0.0
-0.0
-0.0
0.0
0.0
0.0
-0.0
0.0
-7.1e-09
0.0
-0.0
-0.0
0.0
-0.0
-0.0
-0.0
0.0
0.0
0.0
0.0
-0.0
-0.0
0.0
-7.7e-09
-0.0
0.0
-0.0
-0.0
0.0
-0.0
-0.0
-0.0
-0.0
-0.0
-0.0
0.0
-0.0
0.0
0.0
0.0
0.0
-0.0
0.0
-0.0
-2e-10
0.0
25.2313258775
0.0
-0.0
0.0
-0.0
-0.0
0.0
0.0
0.0
-0.0
-0.0
27.9518529668
-0.0
-25.2313245629
0.0
0.0
-0.0
-0.0
0.0
0.0
-0.0
25.3872360255
-0.0
-27.9518529665
0.0
0.0
0.0
-0.0
0.0
0.0
19.8645169199
0.0
-25.3872360255
-0.0
-2e-10
0.0
-0.0
-0.0
12.5634236171
0.0
-19.8645169199
0.0
-0.0
-0.0
-0.0
6.0687101619
0.0
-12.5634236171
-0.0
-0.0
0.0
0.0
0.0
-0.0
-0.0
-0.0
-0.0
0.0
0.0
-0.0
0.0
0.0
0.0
-0.0
-0.0
0.0
-0.0
0.0
0.0
-0.0
0.0
-0.0
0.0
-0.0
0.0
-0.0
0.0
-0.0
-0.0
-0.0
3.6044750324
0.0
-0.0
0.0
-0.0
-0.0
-0.0
-0.0
0.0
-0.0
0.0
-0.0
-0.0
-0.0
1.4507732176
0.0
-0.0
-0.0
0.0
-0.0
0.0
0.0
0.0
-0.0
-0.0
-0.0
0.0
0.0
-0.0
-0.0
-0.0
-0.0
0.0
0.0
-0.0
-0.0
7.4e-09
-0.0
-0.0
-0.0
-0.0
-0.0
0.0
1.8022375157
-0.0
0.0
-0.0
-0.0
-0.0
0.0
0.0
-0.0
-0.0
-0.0
0.0
-0.0
-0.0
1.3243686927
-0.0
-0.0
-0.0
0.0
0.0
0.0
0.0
-0.0
-0.0
0.0
-0.0
0.0
-0.0
0.0
0.0
-0.0
0.0
0.0
-0.0
-0.0
0.0
0.0
-0.0
0.0
0.0
-0.0
-0.0
-3.6044750315
-0.0
0.0
0.0
-0.0
-0.0
-0.0
0.0
0.0
-0.0
0.0
0.0
0.0
0.0
0.9364700834
-0.0
-0.0
-0.0
0.0
-0.0
0.0
-0.0
0.0
0.0
-0.0
0.0
-0.0
0.0
0.0
-0.0
0.0
-0.0
-0.0
0.0
0.0
0.0
-0.0
0.0
0.0
0.0
-0.0
-10.5130521751
-0.0
-0.0
0.0
-0.0
0.0
0.0
0.0
-0.0
-0.0
-0.0
-0.0
0.0
-0.0
0.0
0.0
-0.0
-0.0
1.7750905183
0.0
0.0
0.0
-0.0
0.0
-0.0
-0.0
0.0
0.0
-0.0
-0.0
0.0
0.0
0.0
-0.0
0.0
0.0
-0.0
-0.0
-0.0
0.0
0.0
-0.0
-0.0
-0.0
-0.0
0.0
-0.0
0.0
-0.0
0.0
0.0
0.0
-0.0
0.0
0.0
0.0
0.0
0.0
2.6626357774
0.0
0.0
0.0
0.0
-0.0
0.0
-0.0
0.0
0.0
-0.0
-0.0
-0.0
-0.0
0.0
-0.0
-0.0
-0.0
-0.0
0.0
-0.0
6.3078313051
0.0
-0.0
0.0
0.0
-0.0
0.0
-0.0
0.0
0.0
-0.0
0.0
0.0
-0.0
-0.0
-0.0
-0.0
-0.0
3.1824584574
-0.0
-0.0
-0.0
0.0
-0.0
0.0
-0.0
-0.0
-0.0
-0.0
0.0
0.0
0.0
-0.0
0.0
-0.0
-0.0
-0.0
-0.0
8.4104417401
0.0
-0.0
0.0
0.0
0.0
0.0
0.0
-2e-10
-0.0
-0.0
-0.0
0.0
-0.0
0.0
0.0
-0.0
0.0
3.3546057614
-0.0
-0.0
0.0
0.0
0.0
0.0
-0.0
-0.0
-0.0
0.0
0.0
-0.0
-0.0
0.0
0.0
0.0
-0.0
0.0
6.3078313051
0.0
0.0
-0.0
0.0
-0.0
-0.0
-0.0
0.0
-0.0
-0.0
-0.0
-0.0
-0.0
-0.0
0.0
-0.0
0.0
3.1824584574
0.0
-0.0
0.0
0.0
-0.0
0.0
0.0
0.0
0.0
-0.0
-0.0
0.0
-0.0
0.0
-0.0
0.0
0.0
0.0
0.0
-0.0
0.0
-0.0
0.0
-0.0
-0.0
-0.0
-0.0
0.0
-0.0
0.0
0.0
0.0
-0.0
0.0
0.0
2.6626357774
0.0
-0.0
-0.0
0.0
0.0
0.0
-0.0
-0.0
-0.0
0.0
0.0
-0.0
0.0
-0.0
-0.0
0.0
-10.5130521751
0.0
0.0
-0.0
0.0
0.0
0.0
0.0
0.0
0.0
0.0
0.0
-0.0
-0.0
-0.0
0.0
-0.0
-0.0
1.7750905183
0.0
0.0
-0.0
-0.0
-0.0
-0.0
-0.0
-0.0
0.0
0.0
-0.0
0.0
0.0
-0.0
-0.0
-20.6438115438
0.0
-0.0
-0.0
-0.0
0.0
-0.0
-0.0
0.0
0.0
0.0
-0.0
-0.0
0.0
0.0
0.0
-0.0
-0.0
0.0
-0.0
-1e-10
0.0
2.5605496857
0.0
0.0
-0.0
0.0
0.0
-0.0
0.0
-0.0
-0.0
0.0
-5.160952886
0.0
-0.0
0.0
-0.0
-0.0
0.0
-0.0
-0.0
0.0
0.0
-0.0
0.0
-0.0
-0.0
-0.0
0.0
0.0
0.0
0.0
-0.0
-0.0
3.966786516
-0.0
0.0
0.0
-0.0
-0.0
-0.0
-0.0
0.0
-0.0
5.8982318697
-0.0
0.0
-0.0
-0.0
-0.0
0.0
-0.0
-0.0
-0.0
-0.0
0.0
-0.0
0.0
-0.0
-0.0
-0.0
-0.0
0.0
-0.0
0.0
0.0
4.9474520231
-0.0
0.0
-0.0
0.0
-0.0
0.0
0.0
-0.0
12.533742723
-0.0
-0.0
0.0
0.0
-0.0
-0.0
-0.0
-0.0
0.0
0.0
0.0
0.0
0.0
-0.0
-0.0
0.0
-0.0
0.0
-0.0
-0.0
-0.0
5.5314195196
0.0
-0.0
0.0
0.0
-0.0
0.0
-0.0
14.745579674
-0.0
0.0
-0.0
-0.0
0.0
0.0
-0.0
-0.0
-0.0
-6e-10
-0.0
-0.0
0.0
-0.0
0.0
0.0
-0.0
-0.0
-0.0
-0.0
0.0
5.725563157
0.0
-0.0
0.0
-0.0
0.0
-0.0
12.533742723
0.0
0.0
0.0
0.0
0.0
-0.0
0.0
0.0
-0.0
0.0
-0.0
0.0
-0.0
-0.0
0.0
-0.0
0.0
-0.0
-0.0
-0.0
-0.0
5.5314195196
-0.0
0.0
0.0
0.0
-0.0
5.8982318697
0.0
0.0
0.0
0.0
-0.0
-0.0
0.0
0.0
-0.0
-0.0
-0.0
-0.0
-0.0
-0.0
-0.0
-0.0
-0.0
0.0
0.0
0.0
0.0
4.9474520231
-0.0
-0.0
-0.0
0.0
-5.160952886
-0.0
0.0
0.0
0.0
-0.0
-0.0
0.0
-0.0
0.0
0.0
-0.0
-0.0
0.0
0.0
-0.0
-0.0
0.0
-0.0
-0.0
-0.0
-0.0
3.966786516
-0.0
0.0
0.0
-20.6438115438
-0.0
0.0
-0.0
-0.0
0.0
-0.0
-0.0
0.0
0.0
0.0
-0.0
0.0
0.0
-0.0
0.0
0.0
-0.0
-0.0
-0.0
-0.0
0.0
2.5605496857
-0.0
1e-10
-33.9652454888
0.0
0.0
-0.0
0.0
-0.0
-0.0
-0.0
-0.0
-0.0
0.0
1.42e-08
0.0
-0.0
0.0
0.0
-0.0
-0.0
0.0
0.0
-0.0
0.0
-0.0
0.0
-13.5860981955
-0.0
-0.0
-0.0
-0.0
0.0
-0.0
0.0
0.0
0.0
0.0
0.0
0.0
-0.0
-0.0
0.0
0.0
0.0
0.0
-0.0
0.0
-0.0
-0.0
2.2643496992
0.0
-0.0
-0.0
-0.0
-0.0
0.0
-0.0
-0.0
-0.0
-0.0
0.0
0.0
-0.0
-0.0
-0.0
0.0
-0.0
0.0
0.0
-0.0
-0.0
13.5860981955
0.0
0.0
0.0
0.0
-0.0
0.0
-0.0
0.0
-0.0
-0.0
-0.0
-0.0
0.0
0.0
-0.0
-0.0
-0.0
0.0
-0.0
0.0
20.3791472932
0.0
-0.0
0.0
0.0
-0.0
-0.0
0.0
-0.0
-0.0
-0.0
0.0
0.0
0.0
-0.0
0.0
-0.0
-0.0
-0.0
0.0
22.6434969925
0.0
0.0
-0.0
-0.0
-0.0
0.0
0.0
-0.0
-0.0
0.0
-0.0
-0.0
-0.0
0.0
0.0
-0.0
0.0
0.0
20.3791472932
-0.0
0.0
-0.0
-0.0
0.0
-0.0
0.0
-0.0
0.0
-0.0
-0.0
0.0
-0.0
-0.0
-0.0
-0.0
-0.0
13.5860981955
-0.0
0.0
0.0
0.0
0.0
-0.0
-0.0
-0.0
0.0
-0.0
-0.0
-0.0
0.0
0.0
0.0
-0.0
2.2643496992
0.0
-0.0
0.0
0.0
0.0
0.0
-0.0
-0.0
0.0
0.0
0.0
0.0
-0.0
-0.0
0.0
-13.5860981955
0.0
-0.0
-0.0
0.0
-0.0
-0.0
0.0
0.0
-0.0
-0.0
0.0
0.0
-0.0
-0.0
-33.9652454886
0.0
-0.0
0.0
0.0
0.0
0.0
-0.0
0.0
-0.0
0.0
0.0
0.0
-1.42e-08
-50.4626517552
0.0
3e-10
0.0
-0.0
-0.0
-0.0
0.0
0.0
0.0
-0.0
0.0
-0.0
-25.2313252206
0.0
0.0
-0.0
0.0
-0.0
-0.0
0.0
-0.0
-0.0
0.0
0.0
-4.5875136764
-0.0
-0.0
-0.0
-0.0
-0.0
-0.0
0.0
0.0
0.0
-0.0
11.468784191
0.0
-0.0
-0.0
-0.0
0.0
-0.0
-0.0
-0.0
0.0
22.937568382
-0.0
0.0
-0.0
0.0
-0.0
-0.0
0.0
0.0
29.8188388966
0.0
-0.0
-0.0
0.0
0.0
-0.0
0.0
32.1125957352
0.0
0.0
-0.0
-0.0
0.0
0.0
29.8188388966
-0.0
0.0
-0.0
-0.0
0.0
22.937568382
0.0
0.0
0.0
-0.0
11.468784191
-0.0
-0.0
-0.0
-4.5875136764
0.0
-3e-10
-25.2313252198
-0.0
-50.4626491256
0.0
3.1215669445
0.0
-0.0
0.0
-0.0
-0.0
-0.0
-0.0
0.0
-0.0
-0.0
0.0
-0.9671821432
0.0
1.0813425094
-0.0
0.0
0.0
-0.0
0.0
0.0
-0.0
0.0
-0.0
-0.0
0.0
-0.0
-0.0
0.0
-0.0
0.0
0.0
-0.0
-0.0
-0.0
-0.0
-0.0
-0.0
0.0
-0.0
0.0
-0.0
-0.0
0.0
0.0
0.0
-0.0
-0.0
0.0
0.0
0.0
0.0
-0.0
0.0
-0.3823123106
0.0
1.011503297
0.0
0.0
-0.0
-0.0
-0.0
-0.0
0.0
-0.0
0.0
0.0
0.0
-0.0
0.0
0.0
0.0
-0.0
0.0
0.0
-0.0
0.0
0.0
-0.0
-0.0
0.0
0.0
0.0
7.433850484
-0.0
-0.0
0.0
0.0
-0.0
0.0
-0.0
0.0
0.0
0.0
-0.0
-0.0
-0.0
0.0
0.0
2.1740330085
-0.0
-0.6275892713
-0.0
0.0
-0.0
-0.0
0.0
-0.0
-0.0
0.0
-0.0
0.0
0.0
-0.0
0.0
-0.0
-0.0
0.0
0.0
-0.0
-0.0
-0.0
0.0
5.7582358245
-0.0
-0.0
-0.0
0.0
-0.0
0.0
-0.0
-0.0
-0.0
-0.0
0.0
0.0
-0.0
0.0
0.0
2.5103570854
0.0
-1.1620695236
0.0
-0.0
-0.0
0.0
-0.0
0.0
-0.0
0.0
-0.0
-0.0
-0.0
0.0
-0.0
0.0
0.0
-0.0
-0.0
0.0
-0.0
-0.0
-0.0
0.0
0.0
-0.0
-0.0
-0.0
-0.0
0.0
-0.0
0.0
0.0
-0.0
-0.0
0.0
-0.0
0.0
2.4306427962
-0.0
0.0
0.0
0.0
-0.0
-0.0
0.0
0.0
-0.0
0.0
-0.0
0.0
0.0
-0.0
0.0
-0.0
-0.0
0.0
-0.0
0.0
0.0
2.9735401936
0.0
-0.0
0.0
-0.0
-0.0
0.0
0.0
0.0
0.0
0.0
0.0
-0.0
-0.0
-0.0
0.0
-0.0
-0.0
3.0004506081
-0.0
-0.0
0.0
-0.0
0.0
0.0
0.0
-0.0
0.0
-0.0
0.0
0.0
-0.0
0.0
0.0
0.0
-0.0
0.0
5.7582358245
0.0
-0.0
0.0
-0.0
0.0
-0.0
-0.0
-0.0
-0.0
0.0
-0.0
0.0
-0.0
-0.0
0.0
-2.3720644821
-0.0
2.4306427962
-0.0
0.0
-0.0
0.0
0.0
-0.0
0.0
0.0
0.0
-0.0
0.0
0.0
0.0
0.0
-0.0
-0.0
-0.0
7.433850484
-0.0
0.0
0.0
0.0
0.0
-0.0
-0.0
0.0
-0.0
-0.0
0.0
0.0
-0.0
-0.0
-0.0
-1.1620695236
-0.0
2.5103570854
-0.0
0.0
-0.0
-0.0
-0.0
0.0
0.0
0.0
0.0
0.0
0.0
-0.0
0.0
0.0
0.0
0.0
-0.0
-0.0
0.0
0.0
-0.0
-0.0
-0.0
0.0
-0.0
-0.0
-0.0
0.0
-0.0
0.0
0.0
0.0
-0.6275892713
-0.0
2.1740330085
0.0
0.0
-0.0
-0.0
0.0
-0.0
-0.0
-0.0
-0.0
-0.0
-0.0
0.0
0.0
-0.0
0.0
12.6417011571
0.0
0.0
-0.0
-0.0
-0.0
-0.0
0.0
0.0
-0.0
0.0
0.0
0.0
0.0
-0.0
0.0
0.0
0.0
0.0
-0.0
3.467000664
0.0
-0.8097169069
0.0
-0.0
0.0
-0.0
0.0
0.0
-0.0
-0.0
0.0
-0.0
11.9452847895
-0.0
-0.0
0.0
0.0
-0.0
-0.0
-0.0
0.0
-0.0
-0.0
0.0
0.0
-0.0
-0.0
-0.0
-0.0
-0.0
0.0
0.0
4.1813601274
-0.0
-1.5268168419
0.0
0.0
-0.0
-0.0
-0.0
-0.0
-0.0
-0.0
0.0
8.1268078867
0.0
-0.0
0.0
0.0
-0.0
-0.0
-0.0
0.0
0.0
0.0
-0.0
-0.0
0.0
0.0
-0.0
0.0
-0.0
0.0
0.0
4.284619136
-0.0
-2.2581925627
0.0
0.0
-0.0
0.0
-0.0
0.0
0.0
0.0
-0.0
-0.0
0.0
-0.0
-0.0
0.0
-0.0
-0.0
-0.0
0.0
0.0
0.0
0.0
-0.0
-0.0
0.0
-0.0
-0.0
0.0
0.0
4.0395776612
0.0
0.0
0.0
-0.0
-0.0
0.0
0.0
0.0
0.0
4.0382433055
0.0
-0.0
-0.0
-0.0
-0.0
-0.0
-0.0
0.0
0.0
-0.0
0.0
0.0
0.0
-0.0
-0.0
-0.0
-0.0
-0.0
-0.0
0.0
-0.0
5.0494720765
-0.0
-0.0
-0.0
-0.0
0.0
0.0
8.1268078867
-0.0
-0.0
0.0
-0.0
-0.0
-0.0
0.0
0.0
-0.0
-0.0
-0.0
-0.0
0.0
0.0
0.0
0.0
0.0
0.0
0.0
-4.1813601274
0.0
4.0395776612
0.0
-0.0
0.0
-0.0
0.0
11.9452847895
-0.0
0.0
-0.0
0.0
0.0
-0.0
0.0
0.0
-0.0
-0.0
-0.0
0.0
0.0
-0.0
0.0
0.0
-0.0
0.0
-0.0
-2.2581925627
0.0
4.284619136
0.0
0.0
-0.0
0.0
12.6417011571
0.0
0.0
-0.0
0.0
-0.0
0.0
-0.0
-0.0
0.0
0.0
0.0
-0.0
0.0
-0.0
-0.0
-0.0
-0.0
-0.0
-0.0
-1.5268168419
0.0
4.1813601274
0.0
-0.0
0.0
0.0
0.0
-0.0
0.0
0.0
-0.0
0.0
-0.0
0.0
0.0
-0.0
0.0
-0.0
-0.0
0.0
-0.0
0.0
-0.0
-0.0
-0.0
-0.8097169069
-0.0
3.4670006639
-0.0
-0.0
18.6035311254
-0.0
0.0
-0.0
0.0
-0.0
-0.0
-0.0
-0.0
0.0
0.0
-7.7e-09
0.0
0.0
0.0
-0.0
0.0
-0.0
0.0
0.0
0.0
-0.0
0.0
-0.0
19.4127547683
0.0
0.0
-0.0
-0.0
-0.0
-0.0
0.0
0.0
-7.1e-09
0.0
-0.0
0.0
0.0
0.0
-0.0
0.0
0.0
-0.0
0.0
-0.0
-0.0
0.0
16.0113702732
0.0
-0.0
0.0
0.0
0.0
-0.0
-0.0
0.0
-0.0
0.0
-0.0
-0.0
0.0
-0.0
-0.0
0.0
-0.0
0.0
-0.0
0.0
-0.0
10.3765538967
-0.0
0.0
0.0
0.0
-0.0
-0.0
0.0
-0.0
-0.0
-0.0
0.0
0.0
-0.0
0.0
-0.0
0.0
-0.0
-0.0
0.0
0.0
-0.0
0.0
0.0
0.0
-0.0
0.0
-0.0
0.0
0.0
-0.0
0.0
0.0
-0.0
0.0
0.0
-0.0
0.0
0.0
0.0
-0.0
5.0632398524
-0.0
-0.0
-0.0
0.0
-0.0
-0.0
-0.0
-0.0
-0.0
-0.0
0.0
0.0
0.0
-0.0
0.0
-0.0
0.0
-0.0
10.3765538967
0.0
-0.0
-0.0
-0.0
0.0
-0.0
0.0
0.0
0.0
-0.0
-0.0
0.0
-0.0
-0.0
0.0
-0.0
-0.0
16.0113702732
0.0
-0.0
0.0
-0.0
-0.0
0.0
-0.0
-0.0
0.0
0.0
-0.0
-0.0
0.0
0.0
-0.0
-0.0
19.4127547683
-0.0
0.0
0.0
-0.0
-0.0
0.0
0.0
0.0
-0.0
-0.0
0.0
0.0
0.0
0.0
-0.0
18.6035311253
-0.0
-0.0
0.0
-0.0
0.0
-0.0
-0.0
0.0
-0.0
0.0
0.0
0.0
7.1e-09
-0.0
-0.0
-0.0
-0.0
0.0
0.0
-0.0
-0.0
-0.0
0.0
-0.0
0.0
7.7e-09
-0.0
0.0
25.2313258777
0.0
-2e-10
-0.0
-0.0
0.0
-0.0
-0.0
0.0
-0.0
0.0
-0.0
-0.0
27.9518529668
-0.0
0.0
0.0
0.0
-0.0
-0.0
0.0
-0.0
-0.0
-0.0
-0.0
25.3872360255
-0.0
0.0
-0.0
-0.0
-0.0
-0.0
0.0
-0.0
-0.0
-0.0
19.8645169199
-0.0
-0.0
-0.0
0.0
-0.0
-0.0
-0.0
0.0
0.0
12.5634236171
0.0
0.0
0.0
0.0
-0.0
-0.0
0.0
-0.0
-0.0
-0.0
0.0
0.0
-0.0
-0.0
-0.0
-0.0
6.0687101619
-0.0
-0.0
0.0
0.0
0.0
0.0
12.5634236171
0.0
-0.0
0.0
0.0
-0.0
19.8645169199
0.0
-0.0
-0.0
-0.0
25.3872360255
-0.0
2e-10
-0.0
27.9518529665
0.0
0.0
25.2313245627
0.0
0.0
-0.0
-0.0
0.0
-0.0
0.0
0.0
0.0
-0.0
0.0
0.0
-0.0
0.2417955358
-0.0
-0.0
-0.0
1.430481681
0.0
-0.0
0.0
-0.0
-0.0
0.0
-0.0
-0.0
-0.0
-0.0
0.0
-0.0
-0.0
-0.0
-0.0
0.0
-0.0
-0.0
0.0
-0.0
0.0
-0.0
0.0
-0.0
-0.0
-0.0
-4.7015798629
0.0
0.0
-0.0
-0.0
-0.0
0.0
0.0
0.0
0.0
0.0
0.0
0.0
0.0
3.4374480077
-0.0
0.0
-0.0
0.2372064482
-0.0
0.0
-0.0
0.0
0.0
0.0
-5.9e-09
0.0
0.0
-0.0
-0.0
0.0
-0.0
-0.0
0.0
0.0
-0.0
0.0
-0.0
-0.0
0.0
-0.0
-0.0
-0.0
0.0
0.0
-0.0
-0.0
-0.0
0.0
0.0
-0.0
-0.0
-0.0
0.0
2.6626357774
0.0
0.0
0.0
0.0
0.0
0.0
-0.0
-0.0
0.0
0.0
-0.0
0.0
0.0
-0.0
-0.0
-0.0
0.0
0.0
-0.0
-0.0
0.0
0.0
-7.2836562039
0.0
0.0
0.0
0.0
-0.0
-0.0
0.0
0.0
-0.0
0.0
-0.0
-0.0
0.0
0.0
-0.0
1.9846115325
0.0
0.9186966235
-0.0
-0.0
0.0
-0.0
0.0
0.0
0.0
-0.0
0.0
-0.0
0.0
0.0
-0.0
0.0
0.0
0.0
-0.0
0.0
-0.0
0.0
0.0
-9.4031597258
-0.0
-0.0
0.0
0.0
-0.0
0.0
0.0
0.0
-0.0
-0.0
-0.0
0.0
0.0
0.0
-0.0
0.0
0.0
1.9846115325
-0.0
-0.0
-0.0
-0.0
-0.0
0.0
0.0
-0.0
-0.0
-0.0
0.0
-0.0
-0.0
-0.0
0.0
0.0
7.2836562039
-0.0
-4.7015798629
0.0
0.0
-0.0
0.0
0.0
-0.0
0.0
-0.0
0.0
0.0
-0.0
-0.0
-0.0
-0.0
-0.0
-0.9186966235
-0.0
1.9846115325
-0.0
-0.0
0.0
-0.0
-0.0
-0.0
0.0
0.0
-0.0
-0.0
-0.0
-0.0
-0.0
0.0
-0.0
0.0
-0.0
0.0
-0.0
-0.0
0.0
-0.0
0.0
0.0
0.0
-0.0
0.0
-0.0
-0.0
0.0
0.0
0.750112652
0.0
-0.0
-0.0
2.6626357774
0.0
-0.0
0.0
-0.0
-0.0
0.0
0.0
-0.0
0.0
0.0
0.0
0.0
0.0
-0.0
0.0
-0.0
0.0
0.0
-0.0
-0.0
0.0
-0.0
-0.0
0.0
-0.0
0.0
0.0
-0.0
-0.0
0.0
0.2372064482
-0.0
-0.0
-0.0
3.4374480076
-0.0
-0.0
-0.0
0.0
-0.0
-0.0
0.0
-0.0
0.0
-0.0
-0.0
0.0
5.9e-09
0.0
0.0
-6.7572735023
0.0
-0.0
0.0
0.0
0.0
-0.0
-7.3e-09
-0.0
0.0
0.0
0.0
0.0
0.0
-0.0
-0.0
-0.0
-0.0
6.0050219705
0.0
-1e-10
0.0
0.2699056356
0.0
0.0
-0.0
0.0
0.0
0.0
-0.0
-0.0
-0.0
-0.0
-10.1359102534
-0.0
0.0
-0.0
-0.0
0.0
-0.0
-0.0
0.0
0.0
-0.0
0.0
-0.0
0.0
0.0
-0.0
0.0
0.0
4.90307936
0.0
0.0
-0.0
0.6035273488
0.0
-0.0
-0.0
0.0
0.0
-0.0
0.0
-0.0
-0.0
-0.0
0.0
-0.0
-0.0
0.0
0.0
0.0
-0.0
0.0
-0.0
-0.0
0.0
0.0
-0.0
0.0
0.0
-2e-10
0.0
3.9113042519
0.0
0.0
-0.0
0.0
-0.0
0.0
0.0
-0.0
0.0
0.0
-12.7700465913
0.0
0.0
-0.0
0.0
0.0
-0.0
-0.0
-0.0
0.0
-0.0
0.0
-0.0
-0.0
0.0
-0.0
0.0
-0.0
0.0
-0.0
3.0296832459
-0.0
1.5967832743
0.0
-0.0
-0.0
-0.0
0.0
0.0
-0.0
0.0
0.0
-17.1328153524
-0.0
0.0
0.0
-0.0
-0.0
-0.0
-0.0
-0.0
0.0
-0.0
-0.0
0.0
-0.0
-0.0
-0.0
0.0
0.0
0.0
0.0
0.0
-0.0
3.1935665486
0.0
-0.0
-0.0
0.0
12.7700465913
0.0
-10.1359102534
-0.0
-0.0
0.0
-0.0
-0.0
-0.0
0.0
0.0
-0.0
-0.0
0.0
-0.0
0.0
0.0
-0.0
-0.0
-0.0
-0.0
-0.0
-1.5967832743
-0.0
3.0296832459
0.0
-0.0
0.0
0.0
-0.0
-6.7572735023
0.0
0.0
-0.0
0.0
0.0
0.0
0.0
0.0
0.0
0.0
-0.0
0.0
0.0
-0.0
0.0
0.0
-0.0
1.4783340503
0.0
-0.0
0.0
3.9113042519
0.0
2e-10
0.0
-0.0
0.0
-0.0
0.0
0.0
-0.0
0.0
-0.0
-0.0
-0.0
0.0
0.0
-0.0
-0.0
-0.0
0.0
0.0
0.0
-0.0
0.6035273488
-0.0
-0.0
-0.0
4.9030793596
0.0
-0.0
-0.0
-0.0
0.0
-0.0
0.0
0.0
-0.0
0.0
-0.0
-0.0
7.3e-09
-0.0
0.0
0.0
-0.0
-0.0
-0.0
0.0
0.0
0.2699056356
0.0
1e-10
-0.0
6.0050206294
7.207e-07
-0.0
-8.7697886753
0.0
0.0
-0.0
-0.0
0.0
0.0
0.0
-0.0
-3.9021e-05
-0.0
2.02e-08
0.0
-0.0
-0.0
-0.0
0.0
-0.0
-0.0
0.0
0.0
0.0
2e-10
0.0
-13.5860981955
-0.0
-0.0
0.0
0.0
0.0
-0.0
0.0
0.0
-3.86e-08
-0.0
0.0
-0.0
-0.0
0.0
-0.0
0.0
-0.0
0.0
-0.0
0.0
-0.0
-0.0
-16.9448415569
0.0
0.0
-0.0
-0.0
0.0
-0.0
2.57e-08
0.0
-0.0
-0.0
0.0
0.0
-0.0
0.0
0.0
-0.0
-0.0
0.0
0.0
-0.0
0.0
-0.0
-0.0
-0.0
0.0
0.0
-0.0
-0.0
0.0
-0.0
-0.0
-0.0
-0.0
-0.0
0.0
0.0
-0.0
0.0
0.0
0.0
-19.609843626
0.0
0.0
-0.0
0.0
0.0
-0.0
-0.0
-0.0
-0.0
0.0
0.0
-0.0
-0.0
-0.0
-0.0
-0.0
0.0
-0.0
0.0
0.0
-0.0
-26.7921469552
-0.0
0.0
-0.0
-0.0
0.0
-0.0
-0.0
0.0
-0.0
0.0
0.0
0.0
-0.0
-0.0
-0.0
-0.0
19.609843626
-0.0
-16.9448415569
0.0
0.0
-0.0
0.0
0.0
-0.0
-0.0
-0.0
0.0
0.0
-0.0
0.0
-0.0
-0.0
0.0
0.0
0.0
-13.5860981955
-0.0
0.0
-0.0
0.0
-0.0
0.0
0.0
-0.0
0.0
-0.0
0.0
-0.0
-0.0
0.0
0.0
0.0
-8.769788675
0.0
-0.0
-0.0
-0.0
0.0
-0.0
0.0
0.0
-0.0
-0.0
0.0
0.0
-2.57e-08
-2e-10
0.0
0.0
-0.0
0.0
0.0
-0.0
0.0
-0.0
-0.0
-0.0
-0.0
0.0
3.86e-08
-0.0
-7.207e-07
0.0
0.0
0.0
0.0
-0.0
0.0
0.0
-0.0
0.0
0.0
-2.02e-08
-0.0
3.9021e-05
0.0013086049
0.0
-10.7586753055
0.0
1e-10
0.0
0.0
0.0
-0.0
-0.0
0.0
-0.0
-0.0
3.5786e-06
0.0
-17.0109559935
0.0
-0.0
-0.0
-0.0
0.0
0.0
-0.0
-0.0
-0.0
5e-10
-0.0
-21.7604880219
-0.0
-0.0
0.0
0.0
0.0
-0.0
0.0
0.0
-0.0
0.0
-25.1268472343
0.0
0.0
-0.0
-0.0
0.0
-0.0
0.0
-0.0
0.0
-0.0
0.0
-0.0
0.0
0.0
-0.0
-0.0
-27.8103236878
-0.0
0.0
-0.0
0.0
-0.0
-0.0
0.0
0.0
0.0
-38.3818931422
0.0
0.0
-0.0
-0.0
27.8103236878
0.0
-25.1268472343
-0.0
0.0
0.0
0.0
-0.0
-21.7604880219
0.0
-1e-10
0.0
-0.0
-17.0109559929
0.0
-5e-10
0.0
-10.7586711407
-3.5786e-06
-0.0
-0.0013086049
0.0
0.0
-0.0
0.0
0.0
0.0
-0.0
0.0
-0.0
-0.0
0.0
9.2321931853
-0.0
0.0
0.0
0.0
0.0
0.0
-0.0
0.0
0.0
0.0
0.0
0.0
0.0
-0.0
-4.5e-09
-0.0
0.0
-0.0
-0.0
0.0
0.0
-0.3793406942
-0.0
0.0
0.0
-0.0
0.0
-8.1536187402
0.0
0.0
0.0
0.0
-0.0
0.0
0.0
0.0
0.0
0.0
0.0
-11.9187101519
-0.0
-0.0
0.0
-0.0
0.0
-0.0
-0.0
-0.0
-0.0
-0.0
0.0
0.0
-0.0
-0.0
-0.0
0.0
-0.0
-0.0
-0.0
0.0
0.0
0.7096814552
-0.0
-0.0
0.0
-5.7654793974
0.0
-0.0
-0.0
-0.0
0.0
0.0
-0.0
-0.0
-0.0
-0.0
0.0
-0.0
15.9906276623
-0.0
14.1024080341
0.0
0.0
0.0
-0.0
-0.0
0.0
0.0
-0.0
-0.0
0.0
0.0
-0.0
-0.0
0.0
-0.0
0.0
0.0
-0.0
-0.0
-1.4193629105
-0.0
-3.8870854168
-0.0
-1e-10
-0.0
-0.0
0.0
0.0
-0.0
-24.4260872241
-0.0
0.0
0.0
-0.0
-0.0
0.0
0.0
0.0
0.0
0.0
-0.0
-0.0
0.0
0.0
-0.0
0.0
0.0
0.0
-0.0
-0.0
-0.0
3.4767148906
0.0
0.0
0.0
0.0
-0.0
-0.0
0.0
0.0
-0.0
-0.0
-0.0
0.0
-14.1024080341
0.0
15.9906276623
-0.0
0.0
0.0
0.0
-0.0
0.0
0.0
0.0
-0.0
-0.0
0.0
-0.0
0.0
0.0
-0.0
-0.0
0.0
-1e-10
0.0
3.8870854168
0.0
-1.4193629105
-0.0
0.0
0.0
0.0
-0.0
-0.0
0.0
0.0
-0.0
-0.0
0.0
-0.0
-0.0
-11.9187101519
-0.0
-0.0
0.0
-0.0
-0.0
-0.0
-0.0
-0.0
0.0
0.0
-0.0
0.0
0.0
0.0
0.0
0.0
0.0
5.7654793976
0.0
0.0
-0.0
0.7096814552
0.0
-0.0
0.0
0.0
0.0
0.0
0.0
-0.0
0.0
0.0
-0.0
-0.0
-0.0
-0.0
0.0
-0.0
-0.0
-4.5e-09
0.0
0.0
0.0
-0.0
-0.0
-0.0
0.0
0.0
-0.0
-0.0
8.1536195748
0.0
-0.0
0.0
0.0
0.0
0.0
-0.0
0.0
0.0
0.0
-0.0
0.0
0.0
0.0
-0.0
0.0
-0.0
0.0
0.0
-0.0
-5.1e-09
0.0
0.0
-0.0
-0.0
0.0
0.0
7.5254988756
0.0
-1e-10
0.0
5.103e-07
-0.0
0.0
-0.0
-0.0
-0.0
0.0
-0.0
-0.0
-0.0
0.0
1.27e-08
-0.0
-2.78211e-05
0.0
-0.0
-0.0
-0.0
0.0
0.0
-0.0
0.0
-0.0
0.0
0.0
-0.0
0.0
20.6094274533
-0.0
0.0
0.0
2e-10
-0.0
-0.0
0.0
0.0
-0.0
0.0
0.0
0.0
-0.0
0.0
0.0
-0.0
-2.6e-08
0.0
0.0
-0.0
0.0
-0.0
-0.0
-0.0
0.0
-0.0
-0.0
0.0
-0.0
0.0
-0.0
-21.332784125
-0.0
-0.0
-0.0
20.6094274532
-0.0
-0.0
0.0
-0.0
-0.0
0.0
-0.0
0.0
0.0
-0.0
-0.0
-0.0
2.11e-08
-0.0
0.0
-0.0
-0.0
0.0
-0.0
0.0
-0.0
-0.0
-0.0
0.0
-0.0
-0.0
26.6066564339
-0.0
27.6504484578
0.0
0.0
0.0
0.0
0.0
0.0
-0.0
0.0
0.0
-0.0
-0.0
0.0
0.0
-0.0
-0.0
0.0
-0.0
-0.0
-0.0
0.0
0.0
-41.2188549067
0.0
0.0
-0.0
-0.0
0.0
0.0
-0.0
-0.0
-0.0
0.0
0.0
-0.0
-0.0
-0.0
-0.0
0.0
-0.0
-0.0
0.0
-0.0
-0.0
-0.0
-0.0
0.0
0.0
-0.0
-27.6504484578
0.0
26.6066564339
-0.0
0.0
0.0
0.0
-0.0
0.0
-0.0
-0.0
0.0
-0.0
-0.0
-0.0
0.0
-0.0
0.0
0.0
-0.0
0.0
0.0
0.0
-0.0
0.0
-0.0
-20.6094274534
-0.0
0.0
-0.0
-21.332784125
-0.0
-0.0
-0.0
-0.0
-0.0
-0.0
2.11e-08
0.0
-0.0
0.0
0.0
0.0
-0.0
0.0
0.0
-0.0
-0.0
-0.0
0.0
-0.0
0.0
0.0
2e-10
0.0
-0.0
-0.0
-0.0
-0.0
0.0
-0.0
-0.0
-0.0
0.0
-2.6e-08
-0.0
0.0
0.0
-0.0
0.0
-0.0
-0.0
0.0
-0.0
-0.0
-0.0
-0.0
5.103e-07
0.0
-1e-10
0.0
-7.5254988756
-0.0
-0.0
-0.0
0.0
0.0
-0.0
-2.78211e-05
-0.0
1.27e-08
0.0
-0.0
0.0
0.0
0.0
0.0
0.0
0.0
0.0
0.0
0.0
0.0
-0.0
0.0
0.0
-0.0
-0.0
-0.0
1.81e-08
-0.0
-2.99032e-05
0.0
0.0
-0.0
-0.0
0.0
-0.0
-0.0
0.0
8.1536191576
-0.0
-1.4628e-06
-0.0
0.0010088025
0.0
-0.0
-0.0
0.0
-0.0
-0.0
0.0
0.0
-2.85e-08
0.0
-0.0
0.0
-0.0
-0.0
-0.0
0.0
-0.0
16.3072383151
-0.0
-2e-10
0.0
2.6505e-06
-0.0
0.0
0.0
-0.0
0.0
0.0
-0.0
-0.0
0.0
1.81e-08
0.0
0.0
0.0
-0.0
-0.0
-0.0
35.227661009
0.0
0.0
-0.0
3e-10
0.0
27.042493592
0.0
-0.0
0.0
0.0
-0.0
0.0
0.0
-0.0
0.0
-0.0
0.0
0.0
-0.0
0.0
0.0
-32.9524595083
0.0
0.0
0.0
38.2438637958
-0.0
-0.0
0.0
-0.0
-0.0
0.0
0.0
-0.0
0.0
-0.0
-0.0
0.0
-0.0
-0.0
0.0
-0.0
39.3857223523
-0.0
43.1448971519
-0.0
1e-10
-0.0
-0.0
-0.0
0.0
-0.0
-0.0
-0.0
0.0
0.0
-61.0160986995
-0.0
0.0
-0.0
-0.0
0.0
0.0
0.0
-0.0
-0.0
-0.0
0.0
0.0
0.0
-0.0
1e-10
0.0
-43.1448971519
-0.0
39.3857223523
-0.0
0.0
0.0
0.0
0.0
0.0
0.0
-0.0
-0.0
0.0
0.0
0.0
-0.0
-38.2438637964
-0.0
0.0
0.0
-32.9524595083
-0.0
-0.0
-0.0
-0.0
-0.0
-0.0
0.0
-0.0
0.0
0.0
-27.042497266
0.0
3e-10
-0.0
-0.0
0.0
-0.0
-0.0
0.0
-0.0
-0.0
-0.0
-0.0
-0.0
-0.0
0.0
2.6505e-06
0.0
-2e-10
-0.0
-16.3072383151
-0.0
-0.0
-0.0
0.0
-0.0
-0.0
0.0
0.0
0.0010088025
-0.0
-1.4628e-06
-0.0
-8.1536191575
-0.0
0.0
0.0
0.0
-0.0
0.0
0.0
-0.0
-0.0
0.0
0.0
-0.0
0.0
0.0
0.0
-0.0
-1.11e-08
0.0
8.83963e-05
0.0
-0.0218949065
-0.0
-0.0
-0.0
-0.0
0.0
-0.0
-0.0
-0.0
3.92e-08
-0.0
-0.0001455252
0.0
0.0
-0.0
-0.0
-0.0
-0.0
-0.0
0.0
0.0
-5.72e-08
-0.0
8.83963e-05
0.0
0.0
-0.0
0.0
0.0
-0.0
-0.0
-0.0
3.92e-08
-0.0
0.0
-0.0
0.0
0.0
-0.0
0.0
0.0
0.0
-1.11e-08
-0.0
0.0
-0.0
0.0
0.0
-0.0
-0.0
0.0
-0.0
0.0
0.0
-0.0
-0.0
0.0
0.0
-0.0
-0.0
0.0
0.0
-0.0
0.0
-0.0
-0.0
-0.0
-0.0
-0.0
-0.0
-0.0
0.0
0.0
-0.0
-0.0
-0.0
0.0
-0.0
0.0
0.0
0.0
0.0
-0.0
-0.0
-0.0
0.0
0.0
-0.0
0.0
-21.5417840991
-0.0
-0.0
-0.0
-18.2061304858
-0.0
-0.0
0.0
-0.0
-0.0
0.0
0.0
-0.0
-0.0
-0.0
-0.0
0.0
0.0
0.0
0.0
0.0
0.0
2.2760441651
0.0
0.0
-0.0
-6.0218468339
-0.0
0.0
0.0
-0.0
-0.0
-0.0
0.0
-0.0
-0.0
-0.0
0.0
-0.0
12.3095909138
-0.0
-8.1420290747
-0.0
0.0
-0.0
0.0
0.0
-0.0
-0.0
0.0
-0.0
0.0
0.0
0.0
0.0
0.0
0.0
0.0
0.0
0.0
0.0
-2.7485844573
-0.0
-5.2150723358
-0.0
0.0
0.0
0.0
0.0
0.0
0.0
0.0
0.0
-5.3302092208
0.0
0.0
-0.0
-0.0
0.0
-0.0
0.0
-0.0
0.0
-0.0
0.0
0.0
-0.0
-0.0
0.0
-0.0
0.0
-0.0
-0.0
0.0
-0.0
5.677451642
-0.0
0.0
-0.0
0.0
-0.0
-0.0
0.0
0.0
0.0
-0.0
0.0
0.0
8.1420290747
0.0
12.3095909138
-0.0
0.0
0.0
-0.0
-0.0
-0.0
-0.0
-0.0
-0.0
0.0
-0.0
0.0
-0.0
0.0
-0.0
0.0
-0.0
-0.0
0.0
5.2150723358
-0.0
-2.7485844573
-0.0
0.0
-0.0
0.0
-0.0
0.0
0.0
0.0
-0.0
18.2061304858
0.0
-0.0
0.0
-0.0
-0.0
0.0
0.0
-0.0
-0.0
0.0
-0.0
-0.0
0.0
0.0
0.0
-0.0
-0.0
-0.0
-0.0
0.0
0.0
6.0218468339
-0.0
0.0
0.0
0.0
-0.0
-0.0
-0.0
-0.0
0.0
-0.0
-0.0
-0.0
0.0
0.0
11.9187101519
0.0
-0.0
-0.0
-0.0
-0.0
0.0
-0.0
-0.0
0.0
0.0
-0.0
-0.0
0.0
0.0
0.0
-0.0
0.0
5.7654793975
-0.0
-0.0
-0.0
-0.7096814552
-0.0
0.0
-0.0
0.0
0.0
-0.0
-0.0
-0.0
0.0
0.0
-0.0
0.0
0.0
0.0
-0.0
0.0
-0.0
0.0
-0.0
-0.0
0.0
-0.0
-0.0
-16.2569356131
0.0
0.0
0.0
0.0
0.0
0.0
0.0
-0.0
0.0
-0.0
-0.0
-0.0
0.0
-0.0
-6.8e-09
0.0
0.0
0.0
-0.0
0.0
-0.0
-0.0
-0.0
-0.0
0.0
0.0
0.0
0.0
0.0
-0.0
-23.896668409
-0.0
0.0
-0.0
-31.4814204448
-0.0
0.0
-0.0
-0.0
-0.0
0.0
-0.0
0.0
0.0
0.0
-0.0
-0.0
-5.5e-09
0.0
0.0
-0.0
-0.0
0.0
-0.0
-0.0
-0.0
0.0
-0.0
-0.0
0.0
-35.9787662227
-0.0
-0.0
0.0
-21.2853251471
-0.0
0.0
-0.0
-0.0
0.0
0.0
-0.0
-0.0
0.0
-0.0
-0.0
-0.0
-0.0
0.0
0.0
0.0
-0.0
-0.0
0.0
0.0
-0.0
0.0
0.0
-0.0
0.0
-0.0
20.5274810952
0.0
-5.3213312868
0.0
-0.0
0.0
-0.0
-0.0
0.0
0.0
-0.0
-0.0
-0.0
-0.0
0.0
0.0
-0.0
0.0
-0.0
0.0
-0.0
0.0
0.0
0.0
0.0
0.0
-13.7396183022
0.0
0.0
0.0
-0.0
-0.0
-0.0
0.0
-0.0
0.0
-0.0
0.0
-0.0
-0.0
0.0
-0.0
0.0
0.0
-0.0
0.0
-0.0
0.0
-0.0
0.0
0.0
-0.0
0.0
5.3213312868
0.0
20.5274810952
0.0
0.0
-0.0
-0.0
0.0
-0.0
0.0
0.0
0.0
-0.0
-0.0
-0.0
0.0
-0.0
-0.0
0.0
0.0
0.0
0.0
0.0
-0.0
0.0
0.0
21.2853251471
-0.0
-0.0
0.0
-0.0
-0.0
0.0
0.0
-0.0
0.0
-0.0
-0.0
0.0
-0.0
-0.0
0.0
0.0
0.0
-0.0
-0.0
-0.0
0.0
0.0
0.0
0.0
31.4814204449
0.0
0.0
0.0
23.896668409
0.0
-0.0
0.0
-0.0
-0.0
0.0
-5.5e-09
0.0
-0.0
0.0
0.0
0.0
-0.0
-0.0
0.0
0.0
0.0
-0.0
-0.0
0.0
-0.0
0.0
-0.0
16.2569356131
-0.0
0.0
-0.0
0.0
0.0
-0.0
-0.0
-0.0
-6.8e-09
-0.0
0.0
0.0
-0.0
-0.0
-0.0
0.0
-0.0
-0.0
-0.0
-0.0
-0.0
0.0
-0.0
0.0
-0.0
-0.0
0.0
0.0
0.0
-6.6e-09
0.0
0.0
0.0
-0.0
-0.0
0.0
-0.0
-0.0
0.0
0.0
-19.9722064931
0.0
6.207e-07
0.0
-0.0
-0.0
0.0
-0.0
0.0
0.0
-0.0
-0.0
-0.0
-6.6e-09
-0.0
-0.0
0.0
0.0
-0.0
0.0
-0.0
0.0
-31.5788312085
0.0
2e-10
-0.0
-46.8389754799
0.0
0.0
0.0
0.0
-0.0
-0.0
0.0
-0.0
-0.0
0.0
0.0
-0.0
0.0
-0.0
-0.0
0.0
-37.6599537238
-0.0
0.0
0.0
-38.243863796
-0.0
0.0
0.0
0.0
-0.0
0.0
-0.0
0.0
0.0
-0.0
-0.0
0.0
0.0
-0.0
-0.0
-52.8414915136
-0.0
-0.0
-0.0
-19.9722064929
0.0
-2e-10
-0.0
0.0
0.0
-0.0
-0.0
0.0
-0.0
0.0
-0.0
0.0
0.0
0.0
0.0
-0.0
30.5080493497
-0.0
-0.0
0.0
-0.0
-0.0
0.0
0.0
0.0
0.0
0.0
-0.0
0.0
0.0
0.0
-0.0
-24.9097179848
0.0
0.0
-0.0
-0.0
-0.0
-0.0
0.0
-0.0
0.0
-0.0
-0.0
0.0
-0.0
-0.0
-0.0
-0.0
0.0
0.0
30.5080493497
-0.0
0.0
0.0
-0.0
0.0
-0.0
-0.0
0.0
-0.0
0.0
-0.0
-2e-10
0.0
19.9722064929
-0.0
-0.0
-0.0
-0.0
-0.0
0.0
-0.0
-0.0
-0.0
0.0
-0.0
0.0
-0.0
-0.0
38.2438637962
0.0
0.0
0.0
37.6599537238
-0.0
-0.0
0.0
-0.0
0.0
0.0
-0.0
-0.0
-0.0
46.8389766131
-0.0
2e-10
-0.0
31.5788312085
-0.0
0.0
-0.0
0.0
-0.0
-0.0
-0.0
0.0
-0.0
0.0
6.207e-07
-0.0
19.9722064927
-0.0
0.0
0.0
0.0
0.0
0.0
0.0
-0.0
-0.0
0.0
-0.0
0.0
0.0
-0.0
-0.0
0.0
-0.0
0.0
3.39e-08
0.0
-3.13179e-05
-0.0
0.0
0.0
-0.0
0.0
-0.0
-0.0
0.0
0.0
0.0
-2.64e-08
-0.0
-3.13179e-05
0.0
-0.0
0.0
-0.0
0.0
0.0
-0.0
-0.0
-0.0
-2.64e-08
-0.0
-0.0
0.0
0.0
0.0
0.0
-0.0
-0.0
-0.0
-0.0
3.39e-08
0.0
0.0
-0.0
-0.0
-0.0
-0.0
0.0
0.0
-0.0
-0.0
-0.0
0.0
-0.0
-0.0
0.0
0.0
-0.0
-0.0
-0.0
0.0
0.0
-0.0
-0.0
-0.0
0.0
-0.0
-0.0
0.0
-0.0
-0.0
0.0
-0.0
0.0
-0.0
-0.0
0.0
0.0
0.0
0.0
-0.0
-0.0
0.0
-0.0
0.0
-0.0
0.0
0.0
0.0
0.0
-0.0
0.0
-0.0
-0.0
-0.0
3.0773977284
-0.0
-13.7625410292
-0.0
0.0
-0.0
0.0
0.0
-0.0
-0.0
0.0
0.0
-0.0
-0.0
-0.0
-0.0
-0.0
-0.0
0.0
0.0
-0.0
-0.0
-5.6901104128
-0.0
-5.4971689146
-0.0
0.0
0.0
0.0
-0.0
-0.0
-0.0
-0.0
0.0
0.0
-0.0
11.9187101519
-0.0
-0.0
-0.0
-0.0
0.0
0.0
0.0
-0.0
0.0
0.0
-0.0
-0.0
0.0
0.0
0.0
-0.0
-0.0
-0.0
0.0
0.0
-0.0
7.0968145525
0.0
-0.0
-0.0
-0.0
0.0
-0.0
0.0
0.0
-0.0
-0.0
-0.0
0.0
13.7625410292
-0.0
-0.0
-0.0
0.0
-0.0
0.0
-0.0
-0.0
-0.0
0.0
0.0
-0.0
0.0
0.0
-0.0
0.0
-0.0
0.0
-0.0
-0.0
0.0
5.4971689146
-0.0
-0.0
-0.0
0.0
-0.0
0.0
0.0
-0.0
0.0
0.0
0.0
8.1420290747
-0.0
-12.3095909138
0.0
0.0
0.0
-0.0
0.0
0.0
0.0
0.0
-0.0
-0.0
-0.0
-0.0
-0.0
0.0
0.0
0.0
-0.0
-0.0
-0.0
5.2150723358
0.0
2.7485844573
-0.0
-0.0
-0.0
-0.0
-0.0
0.0
0.0
0.0
-14.1024080341
-0.0
-15.9906276623
-0.0
-0.0
-0.0
-0.0
0.0
-0.0
0.0
0.0
-0.0
0.0
0.0
-0.0
0.0
-0.0
-0.0
0.0
-0.0
-0.0
-0.0
3.8870854168
-0.0
1.4193629105
-0.0
0.0
-0.0
0.0
-0.0
-0.0
-0.0
-0.0
0.0
0.0
0.0
-0.0
0.0
0.0
0.0
0.0
0.0
-0.0
0.0
0.0
0.0
-0.0
-0.0
0.0
0.0
25.1851363559
-0.0
28.1578384572
-0.0
-0.0
-0.0
0.0
-0.0
0.0
-0.0
0.0
-0.0
0.0
-0.0
-0.0
5.5e-09
-0.0
-0.0
0.0
0.0
-0.0
-0.0
0.0
-0.0
0.0
-0.0
0.0
0.0
0.0
0.0
-0.0
25.4461291956
0.0
-6.296284089
0.0
-0.0
0.0
-0.0
0.0
0.0
-0.0
-0.0
0.0
-0.0
-0.0
-0.0
0.0
0.0
0.0
0.0
-0.0
-0.0
-0.0
0.0
-0.0
0.0
-0.0
0.0
0.0
-0.0
-0.0
15.7898900387
-0.0
-21.4179452784
0.0
0.0
-0.0
0.0
0.0
0.0
0.0
0.0
-0.0
0.0
-0.0
0.0
0.0
0.0
-0.0
-0.0
-0.0
0.0
0.0
-0.0
0.0
-0.0
0.0
0.0
-0.0
0.0
2.0112741755
-0.0
-21.9833892836
0.0
0.0
-0.0
0.0
-0.0
-0.0
0.0
0.0
-0.0
-0.0
0.0
0.0
-0.0
0.0
-0.0
-0.0
0.0
-0.0
-0.0
0.0
0.0
0.0
0.0
0.0
-0.0
18.0641833638
0.0
-0.0
0.0
-0.0
0.0
-0.0
0.0
0.0
0.0
0.0
0.0
-0.0
0.0
0.0
0.0
-0.0
0.0
0.0
0.0
0.0
-0.0
0.0
0.0
-0.0
-0.0
0.0
21.9833892836
-0.0
0.0
-0.0
0.0
0.0
0.0
0.0
-0.0
-0.0
0.0
-0.0
-0.0
0.0
0.0
0.0
0.0
-0.0
-0.0
-0.0
0.0
-0.0
0.0
0.0
0.0
-0.0
21.4179452784
-0.0
-15.7898900387
-0.0
0.0
0.0
-0.0
0.0
-0.0
-0.0
0.0
-0.0
-0.0
-0.0
-0.0
-0.0
0.0
-0.0
0.0
0.0
-0.0
0.0
0.0
-0.0
0.0
6.296284089
0.0
-25.4461291956
-0.0
-0.0
-0.0
-0.0
0.0
0.0
-0.0
-0.0
0.0
0.0
-0.0
0.0
0.0
-0.0
0.0
0.0
-0.0
-0.0
-0.0
-0.0
-0.0
-28.1578384572
-0.0
-25.1851363559
-0.0
-0.0
-0.0
0.0
-0.0
-0.0
0.0
-0.0
5.5e-09
0.0
-0.0
-0.0
0.0
0.0
-0.0
0.0
0.0
0.0
0.0
-0.0
0.0
-0.0
0.0
-0.0
0.0
0.0
0.0
0.0
0.0
-0.0
0.0
6e-09
0.0
0.0
0.0
0.0
-0.0
-0.0
-0.0
-0.0
-0.0
0.0
34.5928763852
0.0
46.8389754799
0.0
-0.0
0.0
0.0
0.0
-0.0
-0.0
0.0
0.0
-0.0
0.0
-0.0
-0.0
0.0
0.0
-0.0
-0.0
0.0
0.0
39.9444129859
0.0
-1e-10
0.0
0.0
-0.0
0.0
0.0
0.0
-0.0
-0.0
-0.0
-0.0
-0.0
-0.0
0.0
0.0
0.0
0.0
0.0
-0.0
32.9524595083
-0.0
-25.7840077114
-0.0
1e-10
0.0
-0.0
-0.0
0.0
-0.0
0.0
-0.0
-0.0
0.0
0.0
0.0
0.0
0.0
-0.0
-0.0
18.2320466989
-0.0
-34.592876385
-0.0
0.0
0.0
-0.0
0.0
0.0
-0.0
-0.0
-0.0
0.0
-0.0
-0.0
-0.0
-0.0
-0.0
-0.0
0.0
-0.0
-30.5080493497
0.0
0.0
0.0
-0.0
-0.0
0.0
-0.0
-0.0
0.0
0.0
0.0
0.0
-0.0
0.0
-0.0
24.9097179848
0.0
-0.0
0.0
-0.0
0.0
-0.0
-0.0
0.0
-0.0
0.0
0.0
0.0
-0.0
-0.0
-0.0
0.0
30.5080493497
-0.0
-0.0
0.0
0.0
0.0
0.0
-0.0
0.0
-0.0
0.0
0.0
-0.0
-0.0
0.0
0.0
34.592876385
-0.0
-18.2320466989
0.0
0.0
-0.0
-0.0
-0.0
-0.0
-0.0
-0.0
0.0
0.0
1e-10
-0.0
25.7840077114
-0.0
-32.9524595083
-0.0
-0.0
-0.0
-0.0
-0.0
-0.0
-0.0
0.0
-0.0
0.0
-0.0
-1e-10
0.0
-39.9444129859
-0.0
-0.0
-0.0
0.0
0.0
-0.0
-0.0
0.0
0.0
0.0
-46.838976613
0.0
-34.5928763849
-0.0
-0.0
-0.0
0.0
-0.0
0.0
0.0
0.0
-0.0
0.0
0.0
-0.0
0.0
-0.0
0.0
0.0
-0.0
0.0
0.0
0.0
-2.29e-08
0.0
3.14365e-05
-0.0
-0.0
-0.0
0.0
0.0
-0.0
0.0
0.0
-0.0
0.0
2.12e-08
-0.0
-0.0
0.0
0.0
0.0
0.0
-0.0
-0.0
-0.0
-0.0
-0.0
-2.29e-08
0.0
0.0
-0.0
0.0
0.0
-0.0
-0.0
-0.0
-0.0
-0.0
0.0
0.0
-0.0
0.0
-0.0
0.0
-0.0
0.0
0.0
-0.0
-0.0
0.0
-0.0
0.0
0.0
0.0
-0.0
0.0
0.0
-0.0
-0.0
0.0
-0.0
-0.0
0.0
0.0
0.0
-0.0
0.0
-0.0
-0.0
0.0
0.0
0.0
-0.0
-0.0
-0.0
0.0
-0.0
-0.0
0.0
-0.0
0.0
-0.0
-0.0
-0.0
-0.0
0.0
-0.0
0.0
0.0
-0.0
-0.0
18.4643863706
0.0
-0.0
-0.0
0.0
-0.0
-0.0
0.0
0.0
0.0
0.0
-0.0
-0.0
-0.0
-0.0
-0.0
-0.0
0.0
0.0
0.0
-0.0
-0.0
7.5868138837
0.0
-0.0
-0.0
0.0
-0.0
0.0
0.0
-0.0
0.0
-0.0
-0.0
-0.0
-0.0
0.0
11.9187101519
0.0
-0.0
0.0
0.0
0.0
-0.0
-0.0
-0.0
-0.0
0.0
-0.0
0.0
-0.0
-0.0
-0.0
0.0
0.0
-0.0
-0.0
-0.0
0.0
7.0968145525
0.0
-0.0
-0.0
0.0
-0.0
-0.0
0.0
0.0
0.0
-0.0
0.0
-0.0
0.0
-5.3302092208
0.0
-0.0
-0.0
-0.0
0.0
-0.0
0.0
0.0
-0.0
-0.0
-0.0
-0.0
0.0
-0.0
-0.0
0.0
0.0
0.0
-0.0
0.0
-0.0
5.677451642
-0.0
-0.0
-0.0
-0.0
0.0
0.0
0.0
0.0
0.0
0.0
0.0
-0.0
-24.4260872241
-0.0
-0.0
0.0
-0.0
-0.0
0.0
0.0
-0.0
0.0
0.0
-0.0
0.0
-0.0
0.0
-0.0
-0.0
0.0
-0.0
0.0
-0.0
-0.0
3.4767148906
0.0
0.0
-0.0
0.0
0.0
-0.0
-0.0
-0.0
-0.0
-0.0
0.0
-0.0
0.0
-43.621935764
-0.0
-0.0
-0.0
-0.0
-0.0
-0.0
-0.0
0.0
0.0
-0.0
0.0
0.0
-0.0
-0.0
0.0
-0.0
0.0
0.0
-0.0
-0.0
0.0
-0.0
-0.0
0.0
-0.0
0.0
-0.0
0.0
-0.0
0.0
-0.0
-0.0
-21.810967882
-0.0
-0.0
-0.0
0.0
0.0
0.0
-0.0
0.0
0.0
0.0
0.0
-0.0
-0.0
-0.0
-0.0
0.0
-0.0
0.0
0.0
-0.0
0.0
0.0
-0.0
0.0
-0.0
0.0
0.0
0.0
0.0
0.0
0.0
4.7595433952
0.0
0.0
-0.0
-0.0
0.0
0.0
0.0
0.0
0.0
0.0
0.0
0.0
0.0
0.0
0.0
-0.0
0.0
-0.0
0.0
-0.0
0.0
-0.0
0.0
0.0
-0.0
-0.0
-0.0
-0.0
-0.0
-0.0
24.1687880961
0.0
-0.0
-0.0
0.0
-0.0
0.0
-0.0
0.0
-0.0
-0.0
0.0
0.0
-0.0
-0.0
0.0
0.0
-0.0
0.0
-0.0
-9e-10
-0.0
0.0
-0.0
-0.0
-0.0
0.0
0.0
-0.0
0.0
31.1585255455
0.0
-0.0
-0.0
0.0
0.0
-0.0
-0.0
0.0
0.0
0.0
0.0
-1.2e-09
-0.0
0.0
-0.0
0.0
-0.0
0.0
-0.0
-0.0
0.0
-0.0
0.0
-0.0
-0.0
-0.0
-0.0
-0.0
24.1687880961
-0.0
0.0
-0.0
0.0
-0.0
0.0
0.0
0.0
0.0
-0.0
-0.0
0.0
-0.0
-0.0
-0.0
-0.0
0.0
0.0
-0.0
0.0
-0.0
0.0
0.0
-0.0
0.0
0.0
-0.0
4.7595433952
-0.0
-0.0
-0.0
0.0
-0.0
0.0
0.0
-0.0
0.0
-0.0
-0.0
-0.0
-0.0
0.0
0.0
-0.0
-0.0
0.0
0.0
0.0
0.0
0.0
0.0
-0.0
0.0
-0.0
-21.810967882
-0.0
0.0
-0.0
0.0
0.0
0.0
-0.0
-0.0
0.0
0.0
0.0
0.0
-0.0
-0.0
-0.0
0.0
-0.0
0.0
0.0
-0.0
0.0
-0.0
-0.0
0.0
0.0
-43.621935764
-0.0
-0.0
-0.0
-0.0
-0.0
-0.0
0.0
0.0
0.0
0.0
0.0
0.0
-0.0
0.0
-0.0
0.0
0.0
-0.0
-0.0
0.0
-0.0
0.0
-0.0
-0.0
-0.0
-0.0
-66.2403151727
0.0
0.0
0.0
0.0
0.0
-0.0
0.0
-0.0
-0.0
0.0
0.0
0.0
0.0
-0.0
-0.0
0.0
-0.0
0.0
0.0
0.0
0.0
-1e-10
-0.0
-44.6592113789
-0.0
-0.0
0.0
-0.0
0.0
-0.0
-0.0
0.0
0.0
-0.0
0.0
0.0
-0.0
-0.0
-0.0
-0.0
-0.0
0.0
-0.0
0.0
-0.0
-0.0
-11.530958795
-0.0
-0.0
0.0
-0.0
0.0
0.0
-0.0
0.0
-0.0
-0.0
0.0
0.0
0.0
0.0
-0.0
0.0
-0.0
0.0
0.0
0.0
-0.0
18.8299768619
-0.0
0.0
-0.0
0.0
0.0
0.0
-0.0
-0.0
0.0
0.0
0.0
0.0
-0.0
-0.0
0.0
0.0
-0.0
-0.0
-0.0
-0.0
39.3857223523
0.0
-0.0
0.0
0.0
-0.0
0.0
-0.0
0.0
-0.0
0.0
0.0
0.0
0.0
0.0
-0.0
-0.0
0.0
-0.0
0.0
46.6018151503
-0.0
-0.0
0.0
-0.0
0.0
-0.0
0.0
-0.0
0.0
-0.0
-0.0
0.0
-0.0
0.0
-0.0
-0.0
-0.0
0.0
39.3857223523
-0.0
0.0
-0.0
0.0
0.0
-0.0
0.0
-0.0
-0.0
-0.0
-0.0
-0.0
-0.0
0.0
0.0
0.0
0.0
18.8299768619
-0.0
-0.0
-0.0
0.0
0.0
-0.0
-0.0
-0.0
0.0
-0.0
0.0
-0.0
0.0
-0.0
0.0
0.0
-11.530958795
0.0
0.0
-0.0
-0.0
-0.0
0.0
-0.0
0.0
0.0
-0.0
0.0
-0.0
-0.0
0.0
-0.0
-44.6592113789
-0.0
1e-10
-0.0
-0.0
0.0
0.0
-0.0
-0.0
-0.0
-0.0
-0.0
0.0
-0.0
-0.0
-66.2403151725
0.0
-0.0
1.53e-08
-0.0
-0.0
0.0
0.0
-0.0
0.0
-0.0
0.0
0.0
0.0
0.0
0.0
0.0
-0.0
-0.0
0.0
0.0
0.0
0.0
-0.0
-0.0
-0.0
0.0
0.0
0.0
-0.0
-0.0
-0.0
0.0
-0.0
0.0
-0.0
-0.0
0.0
-0.0
-0.0
-0.0
-0.0
0.0
0.0
-0.0
0.0
-0.0
-0.0
-0.0
0.0
0.0
0.0
-0.0
0.0
0.0
-0.0
0.0
-0.0
0.0
0.0
0.0
0.0
-0.0
-0.0
0.0
-0.0
-0.0
-0.0
0.0
-0.0
0.0
-0.0
0.0
-0.0
-0.0
-0.0
0.0
-0.0
-0.0
0.0
-0.0
-0.0
-0.0
-0.0
-0.0
-0.0
0.0
0.0
-0.0
-0.0
-0.0
-1.53e-08
0.0
-0.0
-0.0
0.0
0.0
-0.0
-0.0
0.0
3.0773977284
-0.0
13.7625410292
-0.0
0.0
-0.0
-0.0
0.0
0.0
0.0
0.0
-0.0
0.0
0.0
0.0
-0.0
-0.0
0.0
0.0
0.0
-0.0
-0.0
-5.6901104128
-0.0
5.4971689146
0.0
0.0
0.0
0.0
-0.0
0.0
-0.0
0.0
-0.0
0.0
-0.0
12.3095909138
-0.0
8.1420290747
0.0
0.0
0.0
0.0
-0.0
0.0
0.0
0.0
-0.0
0.0
-0.0
0.0
-0.0
-0.0
-0.0
0.0
0.0
0.0
0.0
-2.7485844573
0.0
5.2150723358
0.0
0.0
-0.0
0.0
0.0
0.0
0.0
-0.0
-0.0
-0.0
15.9906276623
0.0
-14.1024080341
-0.0
0.0
-0.0
0.0
0.0
-0.0
-0.0
-0.0
0.0
0.0
-0.0
0.0
0.0
-0.0
-0.0
-0.0
-0.0
0.0
0.0
-1.4193629105
-0.0
3.8870854168
0.0
0.0
0.0
0.0
-0.0
-0.0
-0.0
-0.0
-0.0
-0.0
-0.0
-28.1578384572
0.0
25.1851363559
0.0
0.0
0.0
-0.0
-0.0
-0.0
0.0
-0.0
5.5e-09
0.0
-0.0
-0.0
0.0
0.0
0.0
-0.0
0.0
0.0
0.0
0.0
0.0
0.0
-0.0
-0.0
0.0
0.0
-0.0
0.0
0.0
0.0
6.296284089
-0.0
25.4461291956
-0.0
-0.0
-0.0
0.0
0.0
0.0
0.0
-0.0
0.0
0.0
-0.0
-0.0
0.0
-0.0
-0.0
0.0
-0.0
-0.0
0.0
0.0
-0.0
-0.0
-0.0
0.0
-0.0
0.0
-0.0
0.0
0.0
21.4179452784
-0.0
15.7898900387
0.0
-0.0
0.0
0.0
0.0
0.0
-0.0
-0.0
-0.0
-0.0
0.0
0.0
-0.0
0.0
0.0
-0.0
-0.0
0.0
-0.0
0.0
-0.0
0.0
-0.0
-0.0
0.0
0.0
-0.0
0.0
21.9833892836
0.0
-0.0
-0.0
0.0
0.0
-0.0
-0.0
-0.0
-0.0
0.0
-0.0
-0.0
0.0
-0.0
0.0
-0.0
-0.0
-0.0
-0.0
0.0
0.0
-0.0
0.0
0.0
0.0
-0.0
0.0
-0.0
0.0
-0.0
-0.0
18.0641833638
0.0
-0.0
0.0
-0.0
0.0
-0.0
0.0
0.0
-0.0
-0.0
0.0
-0.0
-0.0
-0.0
0.0
-0.0
-0.0
-0.0
-0.0
0.0
-0.0
0.0
0.0
-0.0
-0.0
-0.0
2.0112741755
0.0
21.9833892836
0.0
0.0
0.0
-0.0
0.0
0.0
0.0
0.0
0.0
-0.0
-0.0
0.0
-0.0
-0.0
-0.0
0.0
-0.0
0.0
-0.0
-0.0
-0.0
0.0
0.0
0.0
0.0
15.7898900387
-0.0
21.4179452784
-0.0
0.0
-0.0
0.0
0.0
-0.0
0.0
-0.0
0.0
0.0
-0.0
-0.0
-0.0
0.0
0.0
-0.0
0.0
-0.0
0.0
0.0
0.0
-0.0
-0.0
0.0
25.4461291956
-0.0
6.296284089
0.0
-0.0
0.0
0.0
-0.0
0.0
-0.0
-0.0
-0.0
-0.0
0.0
0.0
-0.0
0.0
-0.0
0.0
0.0
-0.0
0.0
-0.0
0.0
-0.0
0.0
25.1851363559
-0.0
-28.1578384572
-0.0
-0.0
0.0
-0.0
0.0
-0.0
0.0
-0.0
-0.0
0.0
0.0
0.0
-5.5e-09
6e-09
0.0
-0.0
0.0
0.0
-0.0
0.0
0.0
0.0
0.0
0.0
-46.8389766131
0.0
34.5928763852
0.0
0.0
-0.0
-0.0
-0.0
-0.0
-0.0
-0.0
-0.0
0.0
0.0
0.0
-0.0
0.0
0.0
-0.0
-0.0
0.0
0.0
-0.0
0.0
-1e-10
-0.0
39.9444129859
-0.0
0.0
-0.0
-0.0
0.0
-0.0
0.0
0.0
-0.0
-0.0
-0.0
0.0
-0.0
0.0
0.0
-0.0
0.0
-0.0
1e-10
0.0
25.7840077114
-0.0
32.9524595083
0.0
-0.0
0.0
0.0
0.0
0.0
0.0
-0.0
0.0
0.0
-0.0
-0.0
0.0
0.0
-0.0
0.0
-0.0
0.0
-0.0
34.592876385
-0.0
18.2320466989
0.0
-0.0
0.0
0.0
0.0
0.0
-0.0
0.0
0.0
0.0
0.0
-0.0
0.0
0.0
-0.0
0.0
0.0
-0.0
30.5080493497
-0.0
-0.0
-0.0
0.0
-0.0
-0.0
-0.0
0.0
0.0
0.0
0.0
0.0
0.0
-0.0
0.0
-0.0
0.0
-0.0
0.0
-0.0
-0.0
24.9097179848
0.0
-0.0
0.0
-0.0
0.0
-0.0
0.0
-0.0
-0.0
0.0
0.0
-0.0
-0.0
0.0
0.0
-0.0
0.0
-0.0
30.5080493497
0.0
-0.0
0.0
-0.0
-0.0
-0.0
-0.0
-0.0
-0.0
-0.0
0.0
0.0
0.0
0.0
-0.0
18.2320466989
-0.0
34.592876385
-0.0
0.0
0.0
0.0
0.0
0.0
-0.0
-0.0
-0.0
0.0
0.0
-0.0
-0.0
-0.0
32.9524595083
0.0
25.7840077114
-0.0
-1e-10
-0.0
0.0
0.0
0.0
0.0
-0.0
-0.0
-0.0
0.0
-0.0
0.0
39.9444129859
0.0
1e-10
-0.0
-6e-09
-0.0
-0.0
0.0
0.0
-0.0
-0.0
0.0
0.0
-0.0
-0.0
34.5928763849
0.0
-46.8389754798
3.14599e-05
0.0
-2.29e-08
0.0
0.0
-0.0
-0.0
-0.0
0.0
0.0
-0.0
0.0
0.0
2.12e-08
0.0
-0.0
-0.0
0.0
-0.0
0.0
0.0
0.0
0.0
0.0
0.0
-0.0
0.0
-0.0
-0.0
0.0
-0.0
0.0
-0.0
0.0
0.0
-0.0
-0.0
-0.0
0.0
-0.0
-0.0
0.0
-0.0
-0.0
-0.0
0.0
0.0
0.0
-0.0
0.0
0.0
-0.0
-0.0
0.0
0.0
0.0
-0.0
0.0
0.0
-0.0
0.0
0.0
0.0
0.0
-0.0
0.0
0.0
0.0
0.0
0.0
-0.0
-0.0
0.0
0.0
0.0
-0.0
-0.0
-0.0
-0.0
0.0
-0.0
0.0
0.0
0.0
-0.0
0.0
0.0
2.29e-08
-2.12e-08
0.0
-3.14599e-05
-0.0
-0.0
0.0
0.0
-0.0
0.0
-21.5417840991
-0.0
0.0
0.0
18.2061304858
0.0
-0.0
-0.0
0.0
0.0
0.0
0.0
-0.0
0.0
0.0
0.0
-0.0
0.0
-0.0
-0.0
0.0
0.0
2.2760441651
-0.0
-0.0
-0.0
6.0218468339
-0.0
-0.0
-0.0
-0.0
-0.0
0.0
0.0
-0.0
-11.9187101519
-0.0
0.0
-0.0
0.0
0.0
0.0
0.0
-0.0
-0.0
-0.0
-0.0
-0.0
0.0
0.0
0.0
-0.0
-0.0
0.0
-0.0
-0.0
0.0
0.7096814552
-0.0
-0.0
0.0
5.7654793975
-0.0
0.0
-0.0
0.0
-0.0
-0.0
0.0
0.0
0.0
-0.0
0.0
0.0
0.0
-16.2569356131
-0.0
-0.0
-0.0
0.0
-0.0
-0.0
-0.0
0.0
-6.8e-09
-0.0
0.0
-0.0
0.0
0.0
-0.0
0.0
0.0
0.0
-0.0
-0.0
0.0
-0.0
-0.0
-0.0
-0.0
0.0
0.0
0.0
31.4814204449
0.0
-0.0
0.0
-23.896668409
-0.0
0.0
0.0
-0.0
-0.0
0.0
-5.5e-09
0.0
-0.0
0.0
0.0
0.0
0.0
-0.0
0.0
0.0
0.0
0.0
-0.0
0.0
0.0
0.0
-0.0
-0.0
-0.0
-0.0
-0.0
21.2853251471
0.0
-0.0
-0.0
-0.0
0.0
-0.0
-0.0
-0.0
0.0
-0.0
-0.0
0.0
-0.0
0.0
0.0
-0.0
0.0
0.0
-0.0
0.0
-0.0
0.0
0.0
0.0
0.0
-0.0
-0.0
-0.0
-0.0
0.0
5.3213312868
-0.0
-20.5274810952
-0.0
0.0
-0.0
-0.0
0.0
0.0
0.0
0.0
-0.0
-0.0
0.0
-0.0
-0.0
0.0
-0.0
-0.0
0.0
-0.0
-0.0
-0.0
0.0
-0.0
-0.0
-0.0
-0.0
0.0
0.0
-0.0
-0.0
0.0
0.0
-13.7396183022
0.0
-0.0
-0.0
0.0
-0.0
0.0
-0.0
-0.0
-0.0
0.0
0.0
-0.0
-0.0
0.0
0.0
-0.0
-0.0
-0.0
-0.0
0.0
0.0
-0.0
0.0
-0.0
0.0
-0.0
20.5274810952
-0.0
5.3213312868
0.0
-0.0
0.0
-0.0
0.0
-0.0
-0.0
0.0
0.0
0.0
-0.0
-0.0
-0.0
0.0
-0.0
0.0
0.0
0.0
-0.0
-0.0
-0.0
-0.0
-0.0
-35.9787662227
-0.0
0.0
0.0
21.2853251471
0.0
0.0
0.0
0.0
-0.0
0.0
0.0
-0.0
0.0
-0.0
0.0
0.0
0.0
0.0
0.0
0.0
-0.0
-0.0
-0.0
-0.0
0.0
-0.0
-23.896668409
0.0
0.0
0.0
31.4814204448
-0.0
-0.0
-0.0
0.0
0.0
0.0
-0.0
0.0
-0.0
0.0
0.0
0.0
5.5e-09
-0.0
-0.0
-0.0
-0.0
0.0
-0.0
0.0
-0.0
-16.2569356131
-0.0
-0.0
0.0
0.0
-0.0
0.0
0.0
0.0
0.0
-0.0
-0.0
-0.0
-0.0
0.0
6.8e-09
0.0
0.0
-6.6e-09
0.0
0.0
0.0
0.0
-0.0
-0.0
0.0
-0.0
-0.0
0.0
6.207e-07
-0.0
-19.9722064931
0.0
0.0
0.0
-0.0
-0.0
0.0
-0.0
-0.0
0.0
-0.0
-0.0
-0.0
-0.0
-0.0
0.0
0.0
0.0
-0.0
-0.0
46.8389766131
0.0
2e-10
0.0
-31.5788312085
-0.0
-0.0
0.0
0.0
0.0
-0.0
-0.0
-0.0
0.0
-0.0
-0.0
-0.0
-0.0
-0.0
-0.0
0.0
-0.0
-0.0
38.2438637962
0.0
-0.0
-0.0
-37.6599537238
-0.0
0.0
0.0
-0.0
0.0
0.0
0.0
0.0
0.0
-0.0
-0.0
0.0
-0.0
0.0
-0.0
-2e-10
-0.0
19.9722064929
0.0
-0.0
-0.0
-0.0
-0.0
-0.0
-0.0
-0.0
0.0
0.0
-0.0
-0.0
0.0
-0.0
0.0
-0.0
0.0
0.0
-0.0
0.0
0.0
-0.0
-30.5080493497
0.0
0.0
-0.0
0.0
-0.0
0.0
-0.0
0.0
0.0
0.0
-0.0
0.0
-0.0
-0.0
-0.0
0.0
-0.0
-0.0
0.0
0.0
-0.0
-24.9097179848
-0.0
-0.0
-0.0
0.0
0.0
-0.0
-0.0
-0.0
-0.0
0.0
0.0
0.0
0.0
0.0
0.0
0.0
30.5080493497
0.0
0.0
-0.0
-0.0
-0.0
0.0
0.0
-0.0
-0.0
0.0
0.0
-0.0
-0.0
-0.0
0.0
-52.8414915136
-0.0
0.0
0.0
19.9722064929
-0.0
2e-10
-0.0
0.0
0.0
0.0
-0.0
-0.0
-0.0
0.0
0.0
0.0
-37.6599537238
-0.0
0.0
-0.0
38.243863796
-0.0
0.0
6.6e-09
0.0
0.0
-0.0
-0.0
0.0
-0.0
0.0
0.0
-31.5788312085
-0.0
-2e-10
0.0
46.8389754799
0.0
-0.0
-0.0
-0.0
-0.0
0.0
-0.0
0.0
0.0
-0.0
-19.9722064927
-0.0
-6.207e-07
0.0
0.0
-3.13179e-05
0.0
3.39e-08
0.0
-0.0
-0.0
-0.0
-0.0
0.0
-0.0
0.0
-0.0
-0.0
-2.64e-08
0.0
0.0
-0.0
0.0
0.0
-0.0
-0.0
-0.0
-0.0
0.0
-0.0
-0.0
-0.0
-0.0
0.0
0.0
0.0
0.0
-0.0
-0.0
-0.0
-0.0
-0.0
0.0
-0.0
0.0
-0.0
-0.0
0.0
-0.0
0.0
-0.0
0.0
-0.0
-0.0
0.0
-0.0
0.0
0.0
0.0
-0.0
-0.0
0.0
0.0
0.0
-0.0
-0.0
0.0
-0.0
0.0
-0.0
-0.0
-0.0
-0.0
-0.0
0.0
0.0
0.0
-0.0
-0.0
0.0
-0.0
0.0
-0.0
-0.0
0.0
0.0
0.0
0.0
-3.39e-08
0.0
2.64e-08
0.0
0.0
3.13179e-05
-0.0
0.0
-0.0
0.0
0.0
-0.0
9.2321931853
0.0
0.0
0.0
-0.0
-0.0
0.0
-0.0
0.0
0.0
0.0
-0.0
0.0
-0.0
0.0
4.5e-09
0.0
-0.0
0.0
0.0
0.0
-0.0
-0.3793406942
-0.0
0.0
0.0
0.0
0.0
8.1536187402
-5.1e-09
-0.0
0.0
0.0
-0.0
0.0
-0.0
0.0
-0.0
5.103e-07
0.0
-1e-10
-0.0
7.5254988756
0.0
-0.0
-0.0
0.0
0.0
0.0
-2.78211e-05
-0.0
1.27e-08
-0.0
-0.0
-0.0
-0.0
0.0
0.0
-0.0
0.0
0.0
0.0
-0.0
-0.0
0.0
0.0
0.0
-0.0
0.0
-0.0
0.0
2e-10
-0.0
-0.0
0.0
-0.0
0.0
0.0
-0.0
-0.0
-0.0
-0.0
-2.6e-08
0.0
0.0
-0.0
-0.0
0.0
-0.0
-0.0
-0.0
-0.0
-0.0
0.0
-0.0
-0.0
0.0
0.0
-0.0
0.0
-0.0
-20.6094274534
-0.0
0.0
-0.0
21.332784125
-0.0
0.0
-0.0
-0.0
0.0
0.0
2.11e-08
0.0
-0.0
-0.0
0.0
-0.0
-0.0
0.0
0.0
0.0
0.0
0.0
0.0
-0.0
-0.0
-0.0
-0.0
0.0
-0.0
0.0
-27.6504484578
-0.0
-26.6066564339
-0.0
-0.0
0.0
-0.0
-0.0
0.0
-0.0
-0.0
0.0
-0.0
-0.0
0.0
-0.0
-0.0
0.0
-0.0
-0.0
-0.0
-0.0
-0.0
0.0
-0.0
-0.0
-0.0
-0.0
-0.0
0.0
0.0
-0.0
-0.0
0.0
-0.0
-0.0
-41.2188549067
0.0
0.0
-0.0
-0.0
0.0
0.0
-0.0
0.0
-0.0
-0.0
0.0
-0.0
-0.0
-0.0
0.0
0.0
-0.0
-0.0
0.0
-0.0
0.0
-0.0
-0.0
0.0
0.0
-0.0
26.6066564339
-0.0
-27.6504484578
0.0
0.0
-0.0
0.0
-0.0
-0.0
0.0
-0.0
-0.0
-0.0
0.0
-0.0
-0.0
-0.0
0.0
-0.0
-0.0
0.0
-0.0
-0.0
-0.0
0.0
0.0
-21.332784125
0.0
-0.0
-0.0
-20.6094274532
0.0
0.0
0.0
-0.0
0.0
0.0
0.0
0.0
0.0
-0.0
0.0
0.0
-2.11e-08
0.0
0.0
-0.0
-0.0
-0.0
0.0
-0.0
20.6094274533
-0.0
0.0
0.0
-2e-10
0.0
0.0
-0.0
-0.0
-0.0
0.0
-0.0
0.0
0.0
0.0
-0.0
-0.0
2.6e-08
0.0
5.1e-09
0.0
0.0
0.0
-0.0
-0.0
-0.0
7.5254988756
-0.0
1e-10
-0.0
-5.103e-07
0.0
-0.0
0.0
0.0
0.0
-0.0
0.0
-0.0
0.0
0.0
-1.27e-08
-0.0
2.78211e-05
-2.99032e-05
0.0
1.81e-08
-0.0
-0.0
0.0
0.0
0.0
0.0
0.0
0.0
0.0010088025
0.0
-1.4628e-06
0.0
8.1536191576
0.0
0.0
0.0
-0.0
0.0
-0.0
-0.0
-0.0
-2.85e-08
-0.0
0.0
-0.0
-0.0
0.0
-0.0
-0.0
-0.0
-0.0
-0.0
2.6505e-06
-0.0
-2e-10
0.0
16.3072383151
-0.0
-0.0
-0.0
0.0
-0.0
0.0
-0.0
-0.0
0.0
0.0
0.0
0.0
0.0
0.0
-0.0
0.0
-27.042497266
-0.0
3e-10
0.0
-0.0
-0.0
-0.0
-0.0
0.0
0.0
-0.0
0.0
-0.0
-0.0
0.0
0.0
-0.0
-0.0
-0.0
-0.0
0.0
-0.0
-38.2438637964
0.0
0.0
0.0
32.9524595083
0.0
0.0
0.0
-0.0
0.0
0.0
-0.0
-0.0
-0.0
-0.0
-0.0
0.0
0.0
0.0
1e-10
0.0
-43.1448971519
-0.0
-39.3857223523
0.0
-0.0
0.0
-0.0
-0.0
0.0
0.0
0.0
0.0
-0.0
-0.0
0.0
-0.0
-0.0
0.0
-0.0
-0.0
0.0
0.0
-0.0
0.0
-0.0
-0.0
-61.0160986995
0.0
-0.0
-0.0
0.0
-0.0
-0.0
-0.0
0.0
-0.0
0.0
0.0
-0.0
-0.0
0.0
0.0
-0.0
39.3857223523
-0.0
-43.1448971519
-0.0
-1e-10
0.0
-0.0
-0.0
0.0
0.0
0.0
-0.0
-0.0
0.0
0.0
0.0
-32.9524595083
0.0
-0.0
0.0
-38.2438637958
-0.0
0.0
0.0
-1.81e-08
-0.0
-0.0
-0.0
0.0
0.0
-0.0
35.227661009
-0.0
0.0
-0.0
-3e-10
0.0
-27.042493592
2.85e-08
0.0
-0.0
0.0
-0.0
0.0
-0.0
-0.0
0.0
16.3072383151
-0.0
2e-10
-0.0
-2.6505e-06
0.0
2.99032e-05
-0.0
-0.0
-0.0
0.0
-0.0
-0.0
-0.0
-0.0
8.1536191575
-0.0
1.4628e-06
0.0
-0.0010088025
-0.0218949065
0.0
8.83963e-05
0.0
-1.11e-08
0.0
-0.0
-0.0
-0.0
-0.0
-0.0
-0.0
0.0
-0.0001455252
-0.0
3.92e-08
-0.0
-0.0
-0.0
0.0
-0.0
0.0
-0.0
0.0
0.0
-5.72e-08
0.0
0.0
-0.0
-0.0
-0.0
-0.0
-0.0
-0.0
0.0
-0.0
-0.0
-0.0
0.0
0.0
0.0
0.0
0.0
-0.0
0.0
-0.0
-0.0
-0.0
0.0
-0.0
-0.0
-0.0
-0.0
-0.0
-0.0
-0.0
0.0
-0.0
-0.0
0.0
0.0
0.0
0.0
0.0
-0.0
-0.0
0.0
0.0
-0.0
-0.0
0.0
0.0
-0.0
0.0
0.0
-0.0
0.0
0.0
-0.0
-0.0
1.11e-08
0.0
-0.0
-3.92e-08
0.0
5.72e-08
0.0
-8.83963e-05
0.0001455252
0.0
0.0218949065
0.0
-0.0
-0.0
0.0
28.9748832278
0.0
-1e-10
-0.0
3.519e-07
-0.0
0.0
-0.0
0.0
-0.0
0.0
-0.0
0.0
1.12e-08
-0.0
-2.07908e-05
0.0
0.0
-0.0
-0.0
0.0
-0.0
-10.242198743
-0.0
0.0
-0.0
-9.078e-07
-0.0
0.0007062935
0.0
0.0
-0.0
0.0
-32.3949042687
0.0
1e-10
-0.0
-0.0
0.0
0.0
0.0
0.0
-0.0
-0.0
0.0
-0.0
-1.89e-08
0.0
0.0
-0.0
-0.0
-0.0
-0.0
0.0
0.0
16.5942585587
0.0
-1e-10
0.0
1.7563e-06
-0.0
0.0
0.0
0.0
-0.0
36.7323687603
0.0
-1e-10
-0.0
0.0
-0.0
0.0
-0.0
-0.0
0.0
-0.0
-0.0
-0.0
1.46e-08
0.0
0.0
0.0
-0.0
-0.0
-0.0
-0.0
0.0
-28.0494164499
-0.0
2e-10
-0.0
41.6040064968
-0.0
-0.0
-0.0
-0.0
-32.3949042687
-0.0
0.0
0.0
0.0
0.0
0.0
-0.0
-0.0
-0.0
-0.0
0.0
-0.0
0.0
-0.0
0.0
0.0
-0.0
-0.0
0.0
0.0
-0.0
39.6678651601
0.0
50.9542953879
-0.0
-0.0
-0.0
0.0
0.0
-0.0
-0.0
-0.0
0.0
-0.0
0.0
-0.0
-0.0
-0.0
0.0
-0.0
0.0
2e-10
0.0
-68.7067578851
0.0
-0.0
-0.0
0.0
-0.0
-0.0
0.0
0.0
0.0
-0.0
-0.0
-0.0
0.0
0.0
-0.0
0.0
-0.0
-0.0
-0.0
0.0
-0.0
-0.0
0.0
-0.0
0.0
-0.0
-50.9542953883
-0.0
39.6678651601
0.0
0.0
0.0
0.0
0.0
-0.0
0.0
-0.0
0.0
-0.0
-0.0
0.0
1.46e-08
0.0
-0.0
-0.0
0.0
0.0
0.0
0.0
0.0
-0.0
0.0
-41.6040094391
0.0
2e-10
0.0
-28.0494164499
0.0
-0.0
-0.0
0.0
-0.0
-0.0
0.0
0.0
-0.0
-0.0
-0.0
-1.89e-08
-0.0
0.0
-0.0
-0.0
0.0
-0.0
-0.0
-0.0
0.0
0.0
1.7563e-06
0.0
-1e-10
0.0
16.5942585587
0.0
-0.0
0.0
0.0
0.0
0.0
-0.0
0.0
-2.07908e-05
-0.0
1.12e-08
0.0
-0.0
0.0
0.0
0.0
0.0
-0.0
0.0
0.0007062935
0.0
-9.078e-07
0.0
0.0
0.0
0.0
0.0
-0.0
-0.0
-0.0
-0.0
-0.0
0.0
0.0
0.0
-0.0
0.0
0.0
24.5566610856
0.0
-1.2719e-06
-0.0
0.0007591529
-0.0
-0.0
0.0
0.0
0.0
-0.0
0.0
-0.0
-7.7e-09
0.0
6.11117e-05
-0.0
-0.016574621
-0.0
-0.0
-0.0
-0.0
60.1512894459
-0.0
-2e-10
-0.0
1.9266e-06
-0.0
-0.0
-0.0
0.0
-0.0
0.0
-0.0
0.0
-0.0
0.0
2.37e-08
0.0
-0.0001059467
-0.0
0.0
0.0
-0.0
0.0
-54.9103634876
0.0
2e-10
0.0
-1.2719e-06
0.0
0.0
0.0
0.0
-0.0
-0.0
-0.0
-0.0
0.0
-0.0
-3.68e-08
0.0
7.60924e-05
0.0
-0.0
0.0
-0.0
59.3099712364
0.0
-2e-10
-0.0
0.0
-0.0
-0.0
-0.0
0.0
-0.0
0.0
0.0
-0.0
-0.0
0.0
3.2e-08
-0.0
-0.0
-0.0
-0.0
0.0
-54.9103634876
-0.0
-24.5566610854
0.0
-0.0
0.0
-0.0
0.0
-0.0
-0.0
0.0
-0.0
0.0
0.0
0.0
-1.49e-08
-0.0
-0.0
0.0
-0.0
-0.0
0.0
-0.0
-0.0
0.0
0.0
0.0
0.0
0.0
-0.0
-0.0
0.0
0.0
-0.0
0.0
-0.0
-0.0
0.0
0.0
0.0
-1.49e-08
-0.0
0.0
0.0
-0.0
0.0
0.0
-0.0
-0.0
-0.0
-0.0
-0.0
-0.0
-0.0
0.0
0.0
-0.0
0.0
3.2e-08
-0.0
-0.0
-0.0
0.0
0.0
0.0
-0.0
-0.0
0.0
0.0
0.0
-0.0
0.0
-0.0
7.60924e-05
0.0
-3.68e-08
-0.0
0.0
-0.0
-0.0
0.0
0.0
0.0
-0.0
0.0
-0.0
0.0
-0.0
0.0
-0.0001059467
0.0
2.37e-08
-0.0
-0.0
-0.0
0.0
0.0
0.0
0.0
0.0
-0.0
-0.0
-0.016574621
-0.0
6.11117e-05
0.0
-7.7e-09
0.0
0.0
-0.0
-0.0
-0.0
-0.0
0.0
0.0
-0.0
0.0
-0.0
0.0
-0.0
-0.0
-1e-10
0.0
27.4011748965
-0.0
-0.0022888935
-0.0
0.2386549549
0.0
-0.0
0.0
0.0
0.0
-0.0
50.0274702226
-0.0
-2.7138e-06
0.0
0.0036283041
0.0
-0.0
-0.0
-0.0
-0.0
97.7545193692
-0.0
-3e-10
0.0
3.7311e-06
0.0
-0.0022888935
0.0
0.0
-0.0
-0.0
-81.7872987692
-0.0
3e-10
0.0
-2.7138e-06
-0.0
0.0
0.0
0.0
-0.0
86.2113825945
-0.0
-3e-10
0.0
-27.401172975
-0.0
-0.0
-0.0
-0.0
-81.7872987692
0.0
-50.0274702223
-0.0
-0.0
0.0
0.0
0.0
-0.0
0.0
0.0
-0.0
0.0
0.0
-0.0
0.0
-0.0
-0.0
0.0
0.0
0.0
-0.0
-0.0
0.0
-0.0
0.0
-0.0
-0.0
0.0
-0.0
0.0
0.0
-0.0
0.0
0.0
-43.4623248417
0.0
-0.0
-0.0
0.0
-0.0
0.0
0.0
0.0
-0.0
0.0
0.0
-0.0
-0.0
0.0
-4.8e-09
-0.0
0.0
0.0
-0.0
-0.0
0.0
43.5293446577
0.0
0.0
-0.0
2e-10
-0.0
-55.0369289037
0.0
-0.0
0.0
12.2441229201
-0.0
0.0
0.0
-0.0
-0.0
0.0
0.0
-0.0
0.0
0.0
-0.0
0.0
-0.0
0.0
0.0
0.0
-0.0
0.0
0.0
-0.0
0.0
-40.7682612423
-0.0
-0.0
0.0
-25.477147694
0.0
-0.0
0.0
0.0
12.2441229201
0.0
32.3949042687
0.0
-0.0
0.0
0.0
-0.0
0.0
-0.0
0.0
-0.0
0.0
0.0
-0.0
0.0
-0.0
-0.0
-0.0
-0.0
0.0
0.0
42.0741246749
-0.0
7.6816490572
0.0
-2e-10
0.0
-0.0
0.0
0.0
-0.0
0.0
0.0
-0.0
0.0
-0.0
-0.0
0.0
-0.0
0.0
0.0
-0.0
-0.0
-0.0
0.0
-44.3500215101
0.0
0.0
0.0
-0.0
-0.0
0.0
0.0
0.0
-0.0
-0.0
0.0
-0.0
0.0
0.0
-0.0
-0.0
-0.0
-0.0
-0.0
-0.0
-0.0
0.0
0.0
0.0
-2e-10
0.0
-7.6816490572
0.0
42.0741246749
0.0
-0.0
-0.0
0.0
0.0
0.0
0.0
0.0
-0.0
-0.0
0.0
-0.0
-0.0
-0.0
-0.0
-0.0
0.0
0.0
-0.0
-0.0
-0.0
-0.0
-0.0
25.4771476941
-0.0
0.0
-0.0
-40.7682612423
-0.0
-0.0
0.0
-0.0
-0.0
0.0
-0.0
-0.0
-0.0
-4.8e-09
-0.0
-0.0
-0.0
0.0
-0.0
0.0
-0.0
-0.0
-0.0
-0.0
55.0369297231
0.0
2e-10
-0.0
-0.0
-0.0
-0.0
-0.0
0.0
-0.0
-0.0
0.0
0.0
0.0
-0.0
-5.3e-09
0.0
0.0
0.0
-0.0
0.0
0.0
0.0
-0.0
-0.0
0.0
5.018e-07
0.0
-1e-10
-0.0
-16.5942585587
0.0
-0.0
0.0
0.0
0.0
-0.0
0.0
-0.0
-0.0
-0.0
-0.0
-0.0
0.0
-0.0
-45.9413061727
-0.0
4.924e-07
-0.0
-0.0
0.0
-0.0
-0.0
0.0
-0.0
-0.0
-0.0
-0.0
2.71e-08
0.0
-2.73756e-05
-0.0
0.0
0.0
-0.0
-0.0
0.0
-54.9103634876
-0.0
1e-10
-0.0
4.924e-07
-0.0
0.0
0.0
-0.0
0.0
0.0
-0.0
0.0
0.0
-0.0
-2.46e-08
0.0
-2.49904e-05
-0.0
0.0
0.0
-60.1512894459
-0.0
0.0
-0.0
1e-10
0.0
0.0
0.0
-0.0
0.0
0.0
-0.0
0.0
0.0
0.0
-0.0
-0.0
-1.5e-08
-0.0
-0.0
-0.0
-0.0
15.8512565704
0.0
0.0
-0.0
45.9413061724
-0.0
-0.0
0.0
0.0
0.0
0.0
0.0
-0.0
-0.0
-0.0
-0.0
0.0
3.02e-08
-0.0
0.0
-0.0
15.8512565704
0.0
54.9103634876
-0.0
0.0
0.0
-0.0
-0.0
0.0
-0.0
-0.0
-0.0
0.0
0.0
0.0
0.0
0.0
-0.0
0.0
-0.0
0.0
0.0
-0.0
-0.0
-0.0
0.0
0.0
0.0
0.0
-0.0
0.0
0.0
-0.0
0.0
0.0
-0.0
0.0
0.0
0.0
0.0
0.0
0.0
0.0
-0.0
0.0
0.0
-0.0
-0.0
-0.0
-0.0
0.0
-0.0
0.0
-0.0
-0.0
-0.0
0.0
-0.0
3.02e-08
-0.0
-0.0
0.0
-0.0
0.0
0.0
-0.0
-0.0
-0.0
0.0
0.0
0.0
-0.0
-0.0
-0.0
0.0
-1.5e-08
-0.0
-0.0
-0.0
0.0
-0.0
0.0
-0.0
-0.0
0.0
-0.0
-0.0
-0.0
-0.0
-2.49904e-05
0.0
-2.46e-08
-0.0
0.0
-0.0
-0.0
-0.0
-0.0
0.0
-0.0
0.0
0.0
0.0
-0.0
-2.73756e-05
-0.0
2.71e-08
0.0
-0.0
-0.0
-0.0
-0.0
0.0
0.0
0.0
-0.0
0.0
0.0
0.0
0.0
-0.0
0.0
-0.0
2e-10
0.0
-58.1266702785
0.0
0.0008640619
0.0
0.0
0.0
0.0
-0.0
0.0
0.0
-0.0
-78.3053769122
0.0
1.8641e-06
0.0
0.0008640619
-0.0
0.0
-0.0
-0.0
0.0
-75.419249063
-0.0
2e-10
0.0
1.8641e-06
0.0
0.0
0.0
0.0
-75.7203251067
0.0
0.0
0.0
2e-10
-0.0
58.1266651362
0.0
-0.0
0.0
19.2774511916
-0.0
-0.0
-0.0
78.3053769115
0.0
0.0
0.0
0.0
19.2774511916
0.0
75.419249063
0.0
2e-10
0.0
-0.0
-0.0
0.0
-0.0
-0.0
0.0
-0.0
0.0
0.0
0.0
-0.0
-0.0
-0.0
-0.0
-0.0
-0.0
0.0
-0.0
-0.0
-0.0
-0.0
0.0
-0.0
0.0
-0.0
0.0
0.0
-0.0
0.0
-22.765979679
-0.0
-0.0
0.0
-36.7323687603
-0.0
-0.0
0.0
-0.0
0.0
0.0
-0.0
0.0
-0.0
-0.0
-0.0
0.0
-0.0
0.0
0.0
-0.0
-0.0
-56.3320930864
0.0
-0.0
-0.0
-40.6474661286
-0.0
1e-10
-0.0
0.0
27.7670608018
-0.0
-12.2441229201
-0.0
-0.0
-0.0
-0.0
0.0
0.0
0.0
-0.0
-0.0
0.0
0.0
0.0
0.0
0.0
-0.0
-0.0
-0.0
0.0
-0.0
24.8913878381
-0.0
-26.2378265636
-0.0
-0.0
0.0
0.0
-0.0
-0.0
0.0
-0.0
0.0
0.0
0.0
-0.0
0.0
-0.0
-0.0
-0.0
0.0
-0.0
0.0
-0.0
0.0
0.0
0.0
-0.0
-0.0
0.0
-0.0
0.0
-0.0
-0.0
0.0
0.0
0.0
0.0
-0.0
-0.0
0.0
-0.0
-0.0
-0.0
-0.0
-0.0
-0.0
-0.0
0.0
-0.0
-0.0
0.0
-0.0
-0.0
26.2378265636
0.0
24.8913878381
0.0
0.0
0.0
0.0
-0.0
0.0
-0.0
-0.0
-0.0
-0.0
-0.0
-0.0
-0.0
0.0
-0.0
0.0
-0.0
-0.0
-0.0
0.0
-0.0
1e-10
-0.0
40.6474661286
-0.0
-0.0
-0.0
-0.0
-0.0
0.0
-0.0
-0.0
0.0
-0.0
-0.0
-0.0
0.0
0.0
0.0
-0.0
0.0
0.0
-0.0
-0.0
0.0
0.0
-0.0
-0.0
25.477147694
-0.0
0.0
-0.0
40.7682612423
-0.0
-0.0
-0.0
-0.0
0.0
0.0
-0.0
0.0
3.1e-09
0.0
-0.0
0.0
0.0
0.0
0.0
-0.0
0.0
-0.0
0.0
-41.6040082777
0.0
1e-10
-0.0
28.0494164499
0.0
0.0
-0.0
0.0
0.0
-0.0
-0.0
-0.0
0.0
0.0
0.0
0.0
-0.0
-0.0
-0.0
0.0
60.151289446
-0.0
-3.329e-07
0.0
0.0
0.0
0.0
0.0
0.0
-0.0
-0.0
0.0
0.0
-1.51e-08
-0.0
1.90086e-05
-0.0
-0.0
0.0
-0.0
0.0
-0.0
38.8274903795
-0.0
-0.0
-0.0
-0.0
-0.0
-0.0
-0.0
-0.0
-0.0
0.0
0.0
-0.0
-0.0
0.0
8.1e-09
-0.0
0.0
-0.0
0.0
0.0
0.0
-0.0
0.0
0.0
-60.1512894458
-0.0
-0.0
0.0
0.0
0.0
-0.0
0.0
0.0
-0.0
-0.0
-0.0
-0.0
-1.64e-08
-0.0
-0.0
-45.9413061725
-0.0
-0.0
-0.0
-38.8274903795
0.0
-0.0
-0.0
-0.0
0.0
-0.0
0.0
-0.0
-0.0
0.0
-0.0
0.0
-0.0
-0.0
-0.0
0.0
44.8341240451
-0.0
-0.0
-0.0
-0.0
0.0
0.0
-0.0
-0.0
0.0
-0.0
-0.0
0.0
-0.0
0.0
0.0
-0.0
0.0
0.0
0.0
-0.0
-0.0
-0.0
-0.0
-0.0
0.0
0.0
0.0
0.0
-0.0
-0.0
-0.0
-0.0
0.0
0.0
0.0
0.0
0.0
0.0
-0.0
0.0
-0.0
0.0
0.0
0.0
0.0
-0.0
0.0
-0.0
-0.0
-0.0
0.0
0.0
0.0
0.0
0.0
0.0
-0.0
-0.0
-0.0
-0.0
-0.0
-0.0
0.0
-0.0
0.0
-0.0
-0.0
-0.0
0.0
-0.0
0.0
-0.0
0.0
0.0
-1.64e-08
0.0
-0.0
-0.0
-0.0
-0.0
0.0
0.0
-0.0
-0.0
0.0
0.0
-0.0
-0.0
0.0
0.0
8.1e-09
0.0
-0.0
0.0
0.0
0.0
0.0
-0.0
0.0
0.0
0.0
-0.0
0.0
1.90086e-05
-0.0
-1.51e-08
-0.0
0.0
-0.0
-0.0
0.0
-0.0
-0.0
-0.0
0.0
-0.0
0.0
-0.0
-0.0
-0.0
-0.0
0.0
0.0
-0.0
-3e-10
-0.0
85.0887303587
-0.0
-0.0006666381
-0.0
0.0
0.0
0.0
-0.0
-0.0
-0.0
0.0
71.7531163952
-0.0
-8.949e-07
0.0
0.0
0.0
0.0
-0.0
0.0
-0.0
29.3208136476
-0.0
1e-10
-0.0
-85.0887274088
0.0
-0.0
0.0
-0.0
-17.664396159
-0.0
0.0
-0.0
-71.7531163949
0.0
-0.0
0.0
-74.2027297954
0.0
-0.0
-0.0
-29.3208136476
-0.0
-3e-10
-0.0
0.0
65.1696795795
-0.0
17.664396159
-0.0
-0.0
0.0
0.0
0.0
-0.0
-0.0
-0.0
0.0
-0.0
0.0
-0.0
-0.0
-0.0
-0.0
0.0
0.0
0.0
-0.0
-0.0
0.0
-0.0
-0.0
0.0
-0.0
-0.0
-0.0
0.0
0.0
-0.0
0.0
0.0
18.6267106464
-0.0
-27.7670608018
-0.0
0.0
-0.0
-0.0
0.0
0.0
-0.0
0.0
0.0
0.0
-0.0
-0.0
-0.0
-0.0
0.0
0.0
-0.0
-0.0
0.0
-2.5605496857
-0.0
-37.1058901735
0.0
0.0
0.0
0.0
0.0
-0.0
0.0
-0.0
-0.0
-0.0
0.0
-0.0
0.0
-0.0
0.0
-0.0
-0.0
-0.0
0.0
-0.0
-0.0
0.0
0.0
0.0
0.0
37.1058901735
-0.0
-0.0
0.0
-0.0
0.0
-0.0
-0.0
0.0
0.0
-0.0
0.0
-0.0
0.0
-0.0
-0.0
0.0
-0.0
0.0
-0.0
-0.0
-0.0
-0.0
0.0
0.0
-0.0
-0.0
37.1058901735
-0.0
-0.0
-0.0
0.0
0.0
0.0
0.0
-0.0
0.0
-0.0
0.0
-0.0
0.0
0.0
-0.0
-0.0
-0.0
-0.0
-0.0
0.0
0.0
-0.0
0.0
-0.0
0.0
26.2378265636
0.0
-24.8913878381
0.0
0.0
0.0
-0.0
-0.0
-0.0
-0.0
0.0
-0.0
0.0
0.0
0.0
-0.0
-0.0
-0.0
-0.0
0.0
0.0
-0.0
-0.0
-0.0
0.0
-7.6816490572
-0.0
-42.0741246749
-0.0
-0.0
-0.0
-0.0
0.0
0.0
-0.0
-0.0
0.0
0.0
0.0
0.0
-0.0
0.0
0.0
-0.0
0.0
0.0
-0.0
-0.0
-0.0
-50.9542953881
-0.0
-39.6678651601
0.0
-0.0
-0.0
0.0
0.0
-0.0
0.0
-0.0
-0.0
-0.0
-0.0
0.0
0.0
0.0
0.0
0.0
0.0
0.0
-60.151289446
-0.0
-0.0
-0.0
0.0
-0.0
-0.0
0.0
0.0
0.0
-0.0
-0.0
0.0
8e-09
0.0
-0.0
-0.0
-0.0
0.0
0.0
-0.0
0.0
-0.0
-0.0
60.1512894459
-0.0
0.0
0.0
-0.0
0.0
-0.0
0.0
0.0
0.0
0.0
0.0
0.0
7.3e-09
-0.0
-0.0
0.0
0.0
-0.0
38.8274903795
-0.0
-0.0
0.0
0.0
0.0
0.0
0.0
-0.0
0.0
-0.0
0.0
-0.0
-0.0
-0.0
0.0
0.0
-0.0
-0.0
-0.0
41.9384828532
-0.0
-38.8274903795
-0.0
0.0
-0.0
0.0
0.0
-0.0
0.0
-0.0
-0.0
0.0
-0.0
0.0
-0.0
0.0
-0.0
0.0
24.5566610855
-0.0
-41.9384828532
0.0
0.0
-0.0
0.0
-0.0
0.0
0.0
0.0
-0.0
-0.0
0.0
-0.0
-0.0
-0.0
-0.0
0.0
0.0
-0.0
-0.0
-0.0
0.0
-0.0
0.0
-0.0
0.0
-0.0
-0.0
0.0
0.0
-0.0
-0.0
-0.0
0.0
0.0
0.0
-0.0
0.0
-0.0
0.0
0.0
-0.0
-0.0
-0.0
-0.0
0.0
0.0
-0.0
0.0
-0.0
-0.0
0.0
-0.0
0.0
0.0
-0.0
0.0
-0.0
-0.0
-0.0
0.0
-0.0
-0.0
-0.0
-0.0
-0.0
-0.0
-0.0
0.0
-0.0
0.0
-0.0
0.0
-0.0
-0.0
0.0
0.0
-0.0
-0.0
-0.0
-0.0
0.0
0.0
0.0
0.0
-0.0
0.0
0.0
-0.0
7.3e-09
-0.0
0.0
-0.0
-0.0
-0.0
0.0
0.0
0.0
-0.0
-0.0
0.0
0.0
-0.0
0.0
8e-09
-0.0
-0.0
-0.0
0.0
0.0
0.0
0.0
0.0
-0.0
0.0
-0.0
-0.0
0.0
-0.0
-0.0
-0.0
-0.0
-0.0
-0.0
0.0
3e-10
0.0
-94.0691299089
0.0
0.0
-0.0
0.0
0.0
-0.0
0.0
0.0
0.0
0.0
-23.1582187365
0.0
94.0691284882
-0.0
0.0
0.0
-0.0
-0.0
-0.0
0.0
37.8601625533
0.0
23.1582187362
0.0
0.0
0.0
0.0
0.0
-0.0
64.1855347135
0.0
-37.8601625533
-0.0
3e-10
0.0
-0.0
0.0
55.1668798672
0.0
-64.1855347135
0.0
0.0
0.0
0.0
30.1676996252
0.0
-55.1668798672
-0.0
0.0
0.0
-0.0
-0.0
-0.0
0.0
-0.0
0.0
-0.0
-0.0
-0.0
0.0
-0.0
0.0
0.0
0.0
-0.0
-0.0
0.0
-0.0
0.0
0.0
0.0
-0.0
0.0
-0.0
-0.0
0.0
-0.0
0.0
0.0
37.2534212927
0.0
-0.0
0.0
0.0
-0.0
-0.0
0.0
-0.0
0.0
-9e-10
-0.0
0.0
-0.0
0.0
-0.0
-0.0
0.0
0.0
0.0
-0.0
-0.0
51.2109937147
0.0
-0.0
-0.0
0.0
-0.0
0.0
18.6267106464
-0.0
-0.0
-0.0
-0.0
0.0
-0.0
-0.0
0.0
-0.0
-0.0
-0.0
0.0
-0.0
0.0
0.0
-0.0
-0.0
-0.0
0.0
-0.0
0.0
37.1058901735
0.0
-0.0
-0.0
0.0
-0.0
-22.765979679
0.0
-0.0
-0.0
0.0
0.0
0.0
0.0
0.0
-0.0
0.0
-0.0
0.0
0.0
0.0
0.0
0.0
0.0
-0.0
-0.0
-0.0
0.0
-0.0
-0.0
-0.0
0.0
-0.0
-43.4623248417
0.0
-0.0
0.0
-0.0
0.0
-0.0
-0.0
0.0
-0.0
0.0
0.0
0.0
0.0
-0.0
-0.0
0.0
0.0
0.0
-0.0
0.0
-0.0
-44.3500215101
0.0
-0.0
-0.0
28.9748832278
0.0
0.0
0.0
0.0
-0.0
0.0
-0.0
0.0
0.0
-0.0
0.0
-0.0
-0.0
0.0
-0.0
-0.0
-0.0
-0.0
-0.0
0.0
0.0
-68.7067578851
0.0
-0.0
60.151289446
-0.0
-0.0
0.0
-0.0
-0.0
0.0
0.0
0.0
0.0
-0.0
-8e-09
-0.0
0.0
-0.0
-0.0
0.0
0.0
-0.0
0.0
0.0
-0.0
0.0
-0.0
-60.1512894459
0.0
0.0
-0.0
0.0
-0.0
0.0
-0.0
-0.0
0.0
0.0
-0.0
0.0
0.0
-0.0
-0.0
-0.0
-0.0
0.0
0.0
0.0
0.0
-0.0
-60.1512894459
0.0
-0.0
0.0
0.0
-0.0
0.0
-0.0
0.0
0.0
0.0
0.0
0.0
0.0
0.0
-0.0
-0.0
0.0
0.0
0.0
-0.0
0.0
-10.0252149077
0.0
-0.0
0.0
-0.0
-0.0
-0.0
0.0
0.0
0.0
-0.0
0.0
-0.0
0.0
-0.0
0.0
-0.0
0.0
0.0
0.0
-0.0
40.1008596306
0.0
-0.0
0.0
0.0
-0.0
0.0
-0.0
-0.0
-0.0
0.0
-0.0
-0.0
0.0
-0.0
0.0
-0.0
-0.0
-0.0
-0.0
60.1512894459
-0.0
-0.0
0.0
0.0
0.0
-0.0
-0.0
0.0
0.0
-0.0
-0.0
-0.0
-0.0
0.0
0.0
0.0
-0.0
0.0
40.1008596306
-0.0
0.0
-0.0
0.0
-0.0
0.0
0.0
0.0
0.0
-0.0
-0.0
-0.0
-0.0
-0.0
-0.0
-0.0
0.0
-10.0252149077
0.0
-0.0
0.0
-0.0
-0.0
-0.0
0.0
-0.0
0.0
-0.0
-0.0
-0.0
-0.0
0.0
0.0
-0.0
-60.1512894459
0.0
-0.0
-0.0
0.0
0.0
0.0
0.0
-0.0
0.0
0.0
0.0
0.0
-0.0
0.0
-0.0
-60.1512894459
-0.0
0.0
-0.0
0.0
0.0
0.0
-0.0
-0.0
-0.0
0.0
-0.0
-0.0
0.0
-0.0
60.1512894459
-0.0
0.0
0.0
0.0
-0.0
-0.0
0.0
0.0
-0.0
-0.0
-0.0
-0.0
8e-09
103.0475688321
-0.0
-2e-10
-0.0
0.0
0.0
0.0
0.0
-0.0
0.0
0.0
-0.0
0.0
-68.6983787025
-0.0
-0.0
0.0
-0.0
0.0
0.0
-0.0
0.0
0.0
-0.0
0.0
-99.9249144765
0.0
-0.0
-0.0
-0.0
-0.0
0.0
0.0
0.0
-0.0
0.0
-56.207764393
-0.0
-0.0
-0.0
-0.0
-0.0
0.0
0.0
0.0
-0.0
11.4497297838
0.0
-0.0
-0.0
-0.0
-0.0
0.0
-0.0
-0.0
66.616609651
0.0
-0.0
-0.0
0.0
-0.0
0.0
0.0
87.4343001674
-0.0
-0.0
-0.0
-0.0
0.0
-0.0
66.616609651
-0.0
0.0
-0.0
0.0
0.0
11.4497297838
0.0
0.0
-0.0
0.0
-56.207764393
0.0
0.0
-0.0
-99.9249144765
0.0
2e-10
-68.6983787027
-0.0
103.0475672756
0.0
27.7670608018
-0.0
0.0
-0.0
0.0
0.0
0.0
0.0
0.0
-0.0
-0.0
0.0
-0.0
-0.0
-0.0
-0.0
0.0
0.0
-0.0
0.0
-2.5605496857
-0.0
37.1058901735
0.0
0.0
0.0
0.0
-0.0
12.2441229201
0.0
0.0
0.0
0.0
0.0
-0.0
0.0
0.0
-0.0
0.0
-0.0
0.0
-0.0
-0.0
0.0
0.0
0.0
0.0
-0.0
24.8913878381
-0.0
26.2378265636
0.0
0.0
-0.0
0.0
-32.3949042687
-0.0
0.0
0.0
-0.0
-0.0
0.0
0.0
0.0
-0.0
0.0
-0.0
0.0
0.0
0.0
-0.0
0.0
-0.0
-0.0
-0.0
42.0741246749
0.0
-7.6816490572
-0.0
0.0
-0.0
0.0
-0.0
-0.0
-0.0
-0.0
0.0
0.0
-0.0
-0.0
-0.0
0.0
-0.0
0.0
0.0
-0.0
0.0
-0.0
0.0
-0.0
-0.0
39.6678651601
0.0
-50.954295388
0.0
0.0
-60.151289446
-0.0
0.0
0.0
-0.0
0.0
-0.0
0.0
0.0
0.0
-0.0
8e-09
0.0
-0.0
-0.0
0.0
-0.0
0.0
0.0
0.0
-0.0
0.0
0.0
0.0
0.0
0.0
-0.0
-0.0
0.0
-0.0
0.0
-0.0
-0.0
7.3e-09
-0.0
0.0
0.0
-0.0
0.0
0.0
-0.0
-0.0
0.0
0.0
0.0
0.0
-0.0
38.8274903795
0.0
-0.0
-0.0
0.0
0.0
0.0
0.0
-0.0
0.0
0.0
-0.0
-0.0
-0.0
-0.0
0.0
-0.0
-0.0
-0.0
-0.0
-0.0
0.0
41.9384828532
-0.0
-0.0
0.0
-0.0
-0.0
0.0
-0.0
0.0
-0.0
0.0
0.0
0.0
-0.0
0.0
0.0
0.0
-0.0
-0.0
-0.0
0.0
-0.0
-0.0
0.0
-0.0
-0.0
0.0
0.0
-0.0
-0.0
-0.0
0.0
0.0
0.0
0.0
0.0
-0.0
-0.0
-0.0
0.0
-0.0
24.5566610855
0.0
-0.0
-0.0
-0.0
0.0
0.0
-0.0
0.0
-0.0
-0.0
0.0
0.0
0.0
-0.0
0.0
0.0
-0.0
-0.0
41.9384828532
-0.0
0.0
0.0
-0.0
-0.0
0.0
0.0
0.0
0.0
-0.0
-0.0
0.0
-0.0
0.0
-0.0
0.0
0.0
38.8274903795
0.0
0.0
-0.0
-0.0
0.0
0.0
0.0
-0.0
0.0
0.0
-0.0
-0.0
-0.0
-0.0
0.0
-0.0
-0.0
-0.0
-0.0
0.0
0.0
-0.0
-0.0
-0.0
0.0
-0.0
-0.0
-0.0
0.0
-0.0
-0.0
0.0
-60.1512894459
-0.0
-0.0
0.0
0.0
-0.0
0.0
0.0
-0.0
0.0
0.0
-0.0
0.0
-7.3e-09
0.0
-0.0
0.0
0.0
-0.0
-0.0
0.0
0.0
0.0
0.0
0.0
0.0
-8e-09
-0.0
-0.0
-94.0691299091
-0.0
3e-10
0.0
-0.0
-0.0
0.0
0.0
-0.0
0.0
-0.0
-0.0
0.0
-23.1582187365
-0.0
0.0
0.0
0.0
0.0
-0.0
-0.0
0.0
0.0
0.0
0.0
37.8601625533
0.0
0.0
0.0
-0.0
-0.0
-0.0
0.0
-0.0
0.0
0.0
64.1855347135
0.0
-0.0
0.0
0.0
0.0
0.0
-0.0
-0.0
-0.0
55.1668798672
-0.0
-0.0
0.0
0.0
0.0
0.0
0.0
-0.0
-0.0
0.0
0.0
-0.0
-0.0
-0.0
0.0
-0.0
30.1676996252
-0.0
-0.0
0.0
-0.0
0.0
0.0
55.1668798672
-0.0
-0.0
-0.0
-0.0
-0.0
64.1855347135
0.0
0.0
0.0
-0.0
37.8601625533
-0.0
-3e-10
-0.0
-23.1582187362
0.0
0.0
-94.0691284881
-0.0
0.0
0.0
36.7323687603
0.0
-0.0
0.0
-0.0
-0.0
0.0
-0.0
0.0
0.0
0.0
0.0
-0.0
0.0
0.0
0.0
-0.0
0.0
-56.3320930864
0.0
0.0
-0.0
40.6474661286
-0.0
-1e-10
-0.0
0.0
-0.0
0.0
0.0
-0.0
-0.0
-0.0
-0.0
0.0
0.0
-0.0
0.0
0.0
-0.0
0.0
-0.0
-0.0
0.0
-0.0
-40.7682612423
-0.0
0.0
0.0
25.4771476941
-0.0
0.0
-0.0
0.0
0.0
-0.0
-0.0
-0.0
0.0
0.0
0.0
-0.0
-3.1e-09
-0.0
-0.0
-0.0
0.0
0.0
-0.0
0.0
-0.0
-28.0494164499
-0.0
-1e-10
-0.0
-41.6040076582
-3.329e-07
-0.0
60.151289446
0.0
-0.0
-0.0
0.0
-0.0
-0.0
-0.0
0.0
1.90086e-05
-0.0
-1.51e-08
-0.0
0.0
0.0
0.0
0.0
-0.0
0.0
-0.0
0.0
-0.0
-0.0
0.0
38.8274903795
-0.0
0.0
0.0
0.0
-0.0
0.0
0.0
0.0
8.1e-09
0.0
-0.0
-0.0
-0.0
-0.0
0.0
0.0
-0.0
-0.0
0.0
0.0
-0.0
0.0
0.0
0.0
0.0
-0.0
-0.0
0.0
0.0
-1.64e-08
0.0
-0.0
-0.0
-0.0
0.0
0.0
0.0
0.0
-0.0
-0.0
-0.0
-0.0
-0.0
0.0
-0.0
0.0
-0.0
-0.0
-0.0
-0.0
0.0
-0.0
-0.0
-0.0
0.0
0.0
-0.0
-0.0
-0.0
-0.0
0.0
-0.0
-0.0
-44.8341240451
0.0
0.0
0.0
0.0
-0.0
0.0
0.0
0.0
-0.0
-0.0
-0.0
-0.0
-0.0
-0.0
-0.0
0.0
-0.0
-0.0
-0.0
0.0
0.0
-45.9413061725
-0.0
-0.0
-0.0
-0.0
-0.0
0.0
0.0
-0.0
-0.0
-0.0
-0.0
0.0
-0.0
-0.0
0.0
0.0
44.8341240451
-0.0
0.0
0.0
-0.0
0.0
0.0
0.0
0.0
-0.0
-0.0
0.0
0.0
-0.0
-0.0
-0.0
-0.0
-0.0
0.0
0.0
38.8274903795
-0.0
0.0
0.0
0.0
-0.0
-0.0
-0.0
-0.0
0.0
-0.0
0.0
-0.0
0.0
0.0
0.0
-0.0
60.1512894458
-0.0
-0.0
0.0
-0.0
-0.0
0.0
-0.0
-0.0
0.0
-0.0
0.0
0.0
1.64e-08
0.0
-0.0
-0.0
0.0
-0.0
0.0
-0.0
0.0
0.0
0.0
-0.0
0.0
-0.0
-8.1e-09
0.0
3.329e-07
-0.0
0.0
-0.0
-0.0
0.0
-0.0
-0.0
0.0
-0.0
-0.0
1.51e-08
-0.0
-1.90086e-05
-0.0006666383
-0.0
85.0887303587
0.0
-3e-10
0.0
-0.0
-0.0
0.0
0.0
0.0
-0.0
0.0
-8.949e-07
0.0
71.7531163952
0.0
-0.0
0.0
0.0
-0.0
-0.0
-0.0
0.0
0.0
1e-10
0.0
29.3208136476
-0.0
0.0
0.0
0.0
0.0
-0.0
0.0
-0.0
-0.0
-0.0
-17.664396159
-0.0
0.0
-0.0
-0.0
0.0
0.0
0.0
-0.0
-0.0
-0.0
-0.0
-0.0
-0.0
-0.0
-0.0
0.0
-65.1696795795
-0.0
0.0
0.0
0.0
-0.0
0.0
0.0
0.0
0.0
-74.2027297954
0.0
-0.0
0.0
0.0
65.1696795795
0.0
-17.664396159
-0.0
-0.0
-0.0
0.0
-0.0
29.3208136476
0.0
3e-10
0.0
0.0
71.7531163949
-0.0
-1e-10
0.0
85.0887274088
8.949e-07
-0.0
0.0006666383
-0.0
-0.0
-0.0
-0.0
0.0
-0.0
0.0
0.0
-0.0
-0.0
0.0
0.0
4.8e-09
0.0
-0.0
-0.0
0.0
0.0
-0.0
43.5293446577
0.0
0.0
0.0
-2e-10
-0.0
55.0369289037
-0.0
-0.0
-0.0
0.0
-0.0
-0.0
0.0
-0.0
-0.0
-0.0
5.3e-09
0.0
-0.0
0.0
-0.0
0.0
-0.0
-0.0
-0.0
16.5942585587
-0.0
1e-10
-0.0
-5.018e-07
0.0
0.0
4.924e-07
0.0
-45.9413061727
-0.0
-0.0
-0.0
0.0
-0.0
0.0
0.0
0.0
-2.73756e-05
-0.0
2.71e-08
-0.0
-0.0
-0.0
0.0
-0.0
0.0
-0.0
0.0
0.0
0.0
1e-10
0.0
-54.9103634876
0.0
0.0
0.0
-0.0
-0.0
0.0
-2.49904e-05
-0.0
-2.46e-08
0.0
0.0
0.0
-0.0
-0.0
-0.0
-0.0
-0.0
0.0
0.0
0.0
0.0
-0.0
0.0
0.0
-0.0
0.0
-0.0
0.0
0.0
-1.5e-08
0.0
-0.0
0.0
0.0
0.0
0.0
-0.0
0.0
-0.0
-0.0
-0.0
-0.0
-15.8512565704
-0.0
-0.0
0.0
-0.0
0.0
0.0
3.02e-08
-0.0
-0.0
0.0
-0.0
-0.0
0.0
0.0
-0.0
0.0
0.0
-0.0
0.0
0.0
-0.0
0.0
-0.0
0.0
0.0
-0.0
0.0
0.0
-0.0
0.0
-0.0
-0.0
0.0
-0.0
0.0
0.0
0.0
-0.0
-0.0
-0.0
-0.0
0.0
-60.1512894459
0.0
-0.0
0.0
0.0
0.0
0.0
0.0
-0.0
0.0
0.0
0.0
0.0
-0.0
-0.0
0.0
0.0
15.8512565704
-0.0
-54.9103634876
0.0
-0.0
-0.0
-0.0
0.0
-0.0
-0.0
0.0
0.0
0.0
-0.0
-0.0
-0.0
0.0
-0.0
-0.0
-0.0
-45.9413061724
0.0
0.0
0.0
-0.0
-0.0
0.0
-0.0
0.0
0.0
0.0
0.0
-0.0
-3.02e-08
0.0
-1e-10
0.0
-0.0
-0.0
-0.0
0.0
-0.0
0.0
0.0
-0.0
-0.0
0.0
0.0
1.5e-08
0.0
-0.0
-4.924e-07
0.0
0.0
-0.0
0.0
-0.0
-0.0
0.0
0.0
-0.0
-0.0
2.46e-08
0.0
2.49904e-05
0.0
-0.0
0.0
-0.0
0.0
-0.0
0.0
-0.0
0.0
-0.0
-2.71e-08
0.0
2.73756e-05
0.0
0.0
0.0008640619
-0.0
-58.1266702785
-0.0
2e-10
-0.0
-0.0
-0.0
-0.0
0.0
0.0
0.0
-0.0
1.8641e-06
0.0
-78.3053769122
-0.0
-0.0
-0.0
0.0
-0.0
0.0
0.0
-0.0
-0.0
2e-10
-0.0
-75.419249063
-0.0
0.0
0.0
-0.0
0.0
0.0
0.0
0.0
0.0
-0.0
0.0
0.0
-0.0
0.0
-0.0
-0.0
-0.0
0.0
-19.2774511916
-0.0
-0.0
-0.0
-0.0
0.0
0.0
0.0
0.0
-0.0
0.0
-0.0
-0.0
0.0
0.0
0.0
-0.0
-0.0
-0.0
-75.7203251067
-0.0
-0.0
-0.0
-0.0
19.2774511916
0.0
-75.419249063
0.0
-2e-10
0.0
-0.0
-0.0
-78.3053769115
0.0
0.0
-2e-10
0.0
-58.1266651362
0.0
-1.8641e-06
0.0
0.0
-0.0008640619
0.0
-3.519e-07
0.0
-0.0
0.0
-0.0
-0.0
-0.0
0.0
-0.0
-1.12e-08
-0.0
2.07908e-05
-0.0
0.0
-0.0
0.0
-0.0
-0.0
-10.242198743
0.0
-0.0
0.0
9.078e-07
-0.0
-0.0007062935
0.0007591529
-0.0
-1.2719e-06
-0.0
24.5566610856
0.0
-0.0
0.0
-0.0
0.0
-0.0
-0.016574621
0.0
6.11117e-05
0.0
-7.7e-09
-0.0
-0.0
0.0
-0.0
-0.0
-0.0
0.0
-0.0
1.9266e-06
-0.0
-2e-10
0.0
-0.0
0.0
0.0
-0.0
0.0
-0.0
-0.0
-0.0001059467
0.0
2.37e-08
-0.0
-0.0
-0.0
0.0
-0.0
0.0
-0.0
0.0
-0.0
2e-10
0.0
54.9103634876
-0.0
0.0
-0.0
-0.0
-0.0
0.0
7.60924e-05
-0.0
-3.68e-08
0.0
0.0
-0.0
-0.0
0.0
-0.0
0.0
-0.0
-0.0
-0.0
-59.3099712364
0.0
-0.0
-0.0
-0.0
-0.0
0.0
-0.0
0.0
3.2e-08
-0.0
-0.0
-0.0
0.0
0.0
0.0
-0.0
0.0
-0.0
0.0
0.0
-0.0
0.0
0.0
-0.0
0.0
0.0
0.0
-1.49e-08
-0.0
0.0
0.0
-0.0
0.0
-0.0
0.0
-0.0
-0.0
-0.0
0.0
-0.0
-0.0
0.0
-0.0
0.0
60.1512894459
0.0
0.0
0.0
0.0
0.0
-0.0
0.0
0.0
0.0
0.0
-0.0
0.0
0.0
-0.0
-0.0
0.0
-54.9103634876
0.0
24.5566610854
-0.0
0.0
-0.0
-0.0
-0.0
0.0
0.0
0.0
0.0
-0.0
-0.0
-0.0
1.49e-08
59.3099712364
0.0
2e-10
0.0
-0.0
0.0
-0.0
0.0
-0.0
0.0
0.0
-0.0
0.0
0.0
-0.0
-3.2e-08
-0.0
-2e-10
-0.0
1.2719e-06
-0.0
0.0
-0.0
0.0
-0.0
-0.0
0.0
-0.0
-0.0
-0.0
3.68e-08
-0.0
-7.60924e-05
-1.9266e-06
-0.0
-0.0
0.0
-0.0
0.0
-0.0
0.0
0.0
0.0
0.0
-2.37e-08
-0.0
0.0001059467
-0.0
-0.0007591529
-0.0
0.0
-0.0
-0.0
0.0
0.0
-0.0
0.0
7.7e-09
-0.0
-6.11117e-05
0.0
0.016574621
0.2386549549
0.0
-0.0022888935
-0.0
27.4011748965
0.0
0.0
-0.0
0.0
-0.0
0.0
0.0
-0.0
0.0036283041
-0.0
-2.7138e-06
0.0
50.0274702226
-0.0
-0.0
0.0
-0.0
-0.0
-0.0
0.0
3.7311e-06
-0.0
-3e-10
0.0
-0.0
0.0
0.0
0.0
0.0
-0.0
0.0
3e-10
-0.0
81.7872987692
-0.0
0.0
-0.0
-0.0
0.0
0.0
-0.0
-86.2113825945
-0.0
-0.0
-0.0
-0.0
-0.0
0.0
0.0
0.0
-0.0
-0.0
0.0
-0.0
0.0
0.0
0.0
0.0
-0.0
-0.0
-0.0
-0.0
97.7545193692
-0.0
1e-10
-0.0
0.0
-81.7872987692
0.0
50.0274702223
0.0
86.2113825945
-0.0
3e-10
-0.0
27.401172975
-3e-10
0.0
2.7138e-06
-0.0
-3.7311e-06
-0.0
0.0022888935
-0.0036283041
0.0
-0.2386549549
-0.0
-0.0
0.0
-0.0
0.0
-0.0
-1.02e-08
0.0
5.21717e-05
-0.0
-0.0123335125
-0.0
0.0
-0.0
0.0
0.0
-0.0
-35.4376729384
-0.0
6.613e-07
0.0
-0.0015676245
0.0
0.1786450753
-0.0
0.0
-0.0
0.0
-0.0
-0.0
1.95e-08
0.0
-7.62328e-05
0.0
-0.0
0.0
-0.0
0.0
0.0
0.0
-0.0
51.3540669559
0.0
-1.6485e-06
0.0
0.0026144176
-0.0
0.0
0.0
0.0
0.0
0.0
-0.0
-2.35e-08
-0.0
5.21717e-05
-0.0
-0.0
-0.0
-0.0
-0.0
-0.0
0.0
-0.0
-76.5541230896
-0.0
2.378e-06
0.0
-0.0019378501
-0.0
-0.0
0.0
-0.0
-0.0
-0.0
1.95e-08
0.0
0.0
0.0
-0.0
0.0
0.0
-0.0
0.0
-0.0
0.0
93.7592696378
-0.0
-2.1471e-06
0.0
0.0
-0.0
-0.0
0.0
0.0
-0.0
-1.02e-08
-0.0
0.0
-0.0
0.0
0.0
0.0
0.0
-0.0
0.0
0.0
-97.0500642693
0.0
-52.562562141
0.0
0.0
-0.0
-0.0
0.0
0.0
-0.0
117.53346458
-0.0
-0.0
-0.0
-0.0
0.0
-0.0
0.0
0.0
-0.0
-0.0
0.0
0.0
0.0
-0.0
0.0
-0.0
52.5625644318
0.0
-97.0500642693
0.0
0.0
-0.0
-0.0
-0.0
-0.0
0.0
0.0
-0.0
-0.0
0.0
-0.0
0.0
-0.0
0.0
-2.1471e-06
-0.0
93.7592696378
0.0
-0.0
-0.0
0.0
0.0
-0.0
0.0
-0.0
-0.0
-0.0
-0.0
-0.0
-0.0019378501
-0.0
2.378e-06
-0.0
-76.5541230896
0.0
-0.0
-0.0
0.0
0.0
0.0
-0.0
0.0
0.0
0.0
-0.0
0.0026144176
0.0
-1.6485e-06
0.0
51.3540669559
0.0
-0.0
0.0
-0.0
0.0
-0.0
-0.0
0.0
0.1786450753
0.0
-0.0015676245
-0.0
6.613e-07
-0.0
0.0
0.0
-0.0
0.0
0.0
0.0
0.0
-0.0
0.0
0.0
-0.0
-0.0
-0.0
1.44e-08
-0.0
-4.57534e-05
-0.0
0.037832959
0.0
-1.7269070264
-0.0
0.0
0.0
0.0
0.0
-0.0
-2.15e-08
0.0
0.0001094987
-0.0
-0.0579917759
-0.0
-0.0
-0.0
-0.0
-0.0
-0.0
0.0
3.2e-08
0.0
-0.0001430637
-0.0
0.037832959
0.0
0.0
0.0
-0.0
0.0
-0.0
-3.65e-08
0.0
0.0001094987
-0.0
-0.0
0.0
0.0
0.0
-0.0
-0.0
3.2e-08
-0.0
-4.57534e-05
0.0
-0.0
-0.0
-0.0
0.0
0.0
-2.15e-08
0.0
0.0
-0.0
-0.0
-0.0
0.0
-0.0
0.0
0.0
-0.0
-0.0
-0.0
-0.0
-0.0
0.0
0.0
0.0
-0.0
0.0
-0.0
0.0
-0.0
0.0
0.0
-0.0
-0.0
0.0
-0.0
0.0
-0.0
0.0
-0.0
0.0
0.0
0.0
0.0
-1.43e-08
-0.0
-2.07908e-05
0.0
0.0
0.0
0.0
-0.0
-0.0
113.4005534027
0.0
-2e-10
-0.0
1.6751e-06
-0.0
0.0006601305
-0.0
0.0
0.0
0.0
-0.0
-0.0
-0.0
-1.43e-08
-0.0
-0.0
-0.0
0.0
0.0
-0.0
-0.0
0.0
-84.2095353984
0.0
2e-10
0.0
1.0041e-06
-0.0
-0.0
0.0
0.0
-0.0
-0.0
-0.0
0.0
2.31e-08
0.0
0.0
0.0
-0.0
0.0
-0.0
0.0
0.0
59.2985687618
-0.0
0.0
-0.0
87.9539890108
-0.0
0.0
0.0
-0.0
-0.0
0.0
0.0
0.0
-0.0
0.0
-0.0
-0.0
-0.0
-0.0
-0.0
0.0
-11.2063761461
0.0
86.3691047764
0.0
-0.0
0.0
0.0
0.0
0.0
0.0
3e-10
0.0
-63.3928365236
-0.0
0.0
0.0
-0.0
0.0
0.0
0.0
0.0
-0.0
-0.0
-0.0
-0.0
-0.0
-0.0
0.0
-0.0
-86.3691047768
-0.0
-11.2063761461
0.0
-0.0
0.0
-0.0
-0.0
0.0
-0.0
-0.0
-0.0
0.0
0.0
0.0
0.0
-87.9539933645
-0.0
0.0
0.0
59.2985687618
0.0
0.0
-0.0
-0.0
0.0
-0.0
-0.0
0.0
0.0
-0.0
-0.0
0.0
1.0041e-06
-0.0
2e-10
-0.0
-84.2095353984
0.0
0.0
0.0
-0.0
0.0
0.0
0.0
0.0
0.0
0.0006601305
-0.0
1.6751e-06
-0.0
-2e-10
0.0
-0.0
0.0
0.0
0.0
0.0
0.0
-0.0
0.0
0.0
0.0007231368
0.0
-1.9688e-06
-0.0
-51.3540669556
-0.0
0.0
-0.0
-0.0
-0.0
-0.0
-0.0
-0.0
-0.0
-0.0
0.0
0.0
0.0
-0.0
-2.62e-08
-0.0
0.0001104625
0.0
-0.0148229218
-0.0
0.0
-0.0
0.0
-0.0
0.0
-0.0
-0.0
4.51e-08
-0.0
-7.51353e-05
-0.0
-0.0148229218
-0.0
0.0
0.0
0.0
0.0
0.0
0.0
-2.44e-08
-0.0
-7.51353e-05
-0.0
-0.0
0.0
-0.0
0.0
0.0
-0.0
0.0
-2.44e-08
-0.0
0.0001104625
-0.0
0.0
0.0
0.0
0.0
-0.0
0.0
4.51e-08
0.0
0.0
0.0
0.0
-0.0
0.0
0.0
0.0
-2.62e-08
-0.0
0.0
-0.0
0.0
-0.0
-0.0
-0.0
0.0
-0.0
-0.0
-0.0
0.0
-0.0
-0.0
0.0
-0.0
0.0
0.0
0.0
-0.0
0.0
-0.0
0.0
0.0
0.0
-0.0
0.0
-0.0
0.0
0.0
-0.0
0.0
0.0
-0.0
-0.0
0.0
-1.03e-08
-0.0
-0.0
0.0
-0.0
0.0
0.0
-68.5128343474
-0.0
0.0
-0.0
2e-10
-0.0
-101.5605199656
0.0
0.0
0.0
-0.0
-0.0
-0.0
-0.0
0.0
0.0
0.0
0.0
0.0
-0.0
0.0
-0.0
-8.8397087147
0.0
-0.0
0.0
-35.9070665418
-0.0
-0.0
-0.0
-0.0
-0.0
0.0
0.0
0.0
0.0
-0.0
-0.0
0.0
-0.0
-0.0
0.0
-0.0
58.1101001466
-0.0
37.6151604272
0.0
-3e-10
-0.0
0.0
-0.0
0.0
0.0
-0.0
0.0
-0.0
0.0
-102.299750052
-0.0
0.0
-0.0
-0.0
0.0
0.0
-0.0
0.0
-0.0
-0.0
-0.0
0.0
-0.0
0.0
-3e-10
0.0
-37.6151604272
-0.0
58.1101001466
-0.0
-0.0
0.0
0.0
-0.0
0.0
-0.0
0.0
-0.0
-0.0
-0.0
0.0
-0.0
35.9070665418
0.0
-0.0
0.0
-8.8397087147
-0.0
-0.0
-0.0
-0.0
-0.0
0.0
-0.0
-0.0
0.0
-0.0
101.5605219883
0.0
2e-10
-0.0
0.0
0.0
0.0
0.0
-0.0
-0.0
-0.0
-0.0
0.0
0.0
0.0
-0.0
-2.225e-07
-0.0
1e-10
0.0
84.2095353984
-0.0
0.0
0.0
-0.0
-0.0
-0.0
-0.0
-0.0
-0.0003936258
0.0
9.721e-07
-0.0
76.5541230892
-0.0
-0.0
-0.0
-0.0
-0.0
-0.0
0.0
-0.0
-0.0
-0.0
-0.0
-0.0
-0.0
-0.0
-0.0
-0.0
4.06e-08
0.0
-5.53744e-05
0.0
0.0090771487
0.0
-0.0
0.0
0.0
0.0
0.0
0.0
-0.0
-1.32e-08
0.0
1.83618e-05
-0.0
0.0
-0.0
0.0
-0.0
0.0
0.0
0.0
0.0
-2.28e-08
0.0
-5.53744e-05
0.0
0.0
-0.0
0.0
0.0
0.0
-0.0
-0.0
-1.32e-08
0.0
0.0
0.0
0.0
0.0
-0.0
-0.0
0.0
0.0
4.06e-08
-0.0
0.0
-0.0
0.0
0.0
-0.0
0.0
0.0
-0.0
0.0
0.0
0.0
0.0
0.0
-0.0
-0.0
-0.0
0.0
0.0
0.0
-0.0
-0.0
-0.0
-0.0
0.0
0.0
-0.0
0.0
-0.0
0.0
-0.0
-0.0
0.0
0.0
0.0
-0.0
-0.0
0.0
0.0
-0.0
-0.0
-0.0
0.0
-0.0
0.0
-0.0
0.0
0.0
-0.0
-0.0
-85.050415052
0.0
-0.0
-0.0
-75.0074157101
0.0
2e-10
-0.0
0.0
0.0
-0.0
-0.0
0.0
-0.0
0.0
0.0
-0.0
-0.0
-0.0
-0.0
-0.0
65.4718400333
0.0
-38.8200257076
-0.0
0.0
-0.0
0.0
0.0
0.0
0.0
0.0
0.0
-0.0
0.0
0.0
-0.0
-33.4109584589
0.0
0.0
-0.0
-0.0
-0.0
-0.0
0.0
0.0
-0.0
-0.0
-0.0
-0.0
0.0
-0.0
-0.0
0.0
38.8200257076
-0.0
65.4718400333
-0.0
0.0
-0.0
0.0
-0.0
0.0
-0.0
0.0
-0.0
-0.0
-0.0
2e-10
-0.0
75.0074157101
-0.0
-0.0
-0.0
-0.0
0.0
0.0
0.0
-0.0
-0.0
-0.0
0.0
0.0
0.0
0.0
35.9070665418
0.0
0.0
-0.0
8.8397087147
-0.0
-0.0
0.0
-0.0
-0.0
0.0
-0.0
0.0
0.0
-87.9539916298
0.0
-1e-10
-0.0
-59.2985687618
-0.0
-0.0
0.0
-0.0
-0.0
0.0
-0.0
-0.0
0.0
0.0
-4.844e-07
0.0
-93.7592696375
-0.0
-0.0
0.0
-0.0
-0.0
0.0
-0.0
0.0
-0.0
0.0
-0.0
0.0
-0.0
-0.0
0.0
-0.0
0.0
0.0
-2.98e-08
0.0
2.59675e-05
0.0
0.0
-0.0
0.0
-0.0
0.0
0.0
-0.0
-0.0
-0.0
9.3e-09
-0.0
2.59675e-05
0.0
0.0
0.0
-0.0
-0.0
0.0
-0.0
-0.0
0.0
9.3e-09
-0.0
0.0
0.0
0.0
0.0
0.0
-0.0
0.0
-0.0
0.0
-2.98e-08
-0.0
0.0
-0.0
-0.0
-0.0
-0.0
0.0
-0.0
0.0
0.0
-0.0
0.0
-0.0
0.0
0.0
0.0
0.0
-0.0
-0.0
0.0
0.0
-0.0
0.0
0.0
-0.0
-0.0
-0.0
0.0
0.0
0.0
0.0
-0.0
0.0
-0.0
-0.0
0.0
0.0
0.0
-0.0
0.0
0.0
0.0
0.0
-0.0
-0.0
-0.0
0.0
0.0
-0.0
-0.0
0.0
-0.0
-0.0
0.0
0.0
-0.0
-0.0
0.0
28.3501383507
0.0
-68.4720892744
0.0
0.0
-0.0
0.0
-0.0
0.0
-0.0
0.0
0.0
0.0
-0.0
0.0
-0.0
0.0
-0.0
55.9072267815
0.0
-0.0
-0.0
-0.0
0.0
-0.0
-0.0
0.0
0.0
-0.0
0.0
-0.0
0.0
0.0
-0.0
-0.0
68.4720892744
0.0
-0.0
-0.0
0.0
0.0
0.0
0.0
-0.0
-0.0
0.0
0.0
-0.0
0.0
0.0
-0.0
38.8200257076
-0.0
-65.4718400333
-0.0
0.0
0.0
-0.0
0.0
-0.0
-0.0
0.0
-0.0
-0.0
-1e-10
0.0
-37.6151604272
0.0
-58.1101001466
0.0
-0.0
-0.0
-0.0
0.0
0.0
-0.0
-0.0
-0.0
0.0
0.0
-86.3691047766
-0.0
11.2063761461
-0.0
0.0
0.0
0.0
-0.0
0.0
0.0
-0.0
0.0
-0.0
52.5625635505
-0.0
97.050064269
0.0
0.0
0.0
-0.0
-0.0
-0.0
-0.0
-0.0
-0.0
-0.0
-0.0
0.0
-0.0
-0.0
-0.0
0.0
0.0
0.0
-0.0
0.0
1.58e-08
-0.0
-1.55773e-05
0.0
-0.0
0.0
0.0
-0.0
0.0
-0.0
-0.0
0.0
0.0
-5e-10
-0.0
0.0
0.0
0.0
-0.0
0.0
0.0
0.0
0.0
0.0
-0.0
1.58e-08
-0.0
0.0
0.0
-0.0
-0.0
-0.0
0.0
-0.0
0.0
-0.0
0.0
0.0
-0.0
-0.0
-0.0
0.0
-0.0
-0.0
-0.0
-0.0
-0.0
0.0
-0.0
-0.0
0.0
-0.0
0.0
0.0
-0.0
-0.0
-0.0
0.0
-0.0
0.0
0.0
0.0
-0.0
-0.0
-0.0
0.0
-0.0
0.0
0.0
0.0
0.0
0.0
0.0
-0.0
0.0
-0.0
0.0
0.0
-0.0
-0.0
0.0
0.0
-0.0
0.0
-0.0
0.0
-0.0
-0.0
0.0
0.0
-0.0
-0.0
0.0
94.5004611691
-0.0
-0.0
-0.0
0.0
-0.0
0.0
-0.0
-0.0
0.0
-0.0
-0.0
-0.0
0.0
-0.0
-0.0
0.0
-0.0
0.0
55.9072267815
0.0
-0.0
-0.0
0.0
0.0
0.0
-0.0
0.0
0.0
0.0
0.0
0.0
-0.0
-0.0
-0.0
-0.0
-0.0
-33.4109584589
-0.0
-0.0
-0.0
-0.0
0.0
0.0
-0.0
0.0
0.0
0.0
0.0
0.0
0.0
-0.0
0.0
0.0
-102.299750052
-0.0
-0.0
0.0
-0.0
0.0
-0.0
-0.0
-0.0
-0.0
-0.0
-0.0
0.0
0.0
-0.0
-0.0
-63.3928365236
0.0
-1e-10
0.0
0.0
-0.0
0.0
0.0
0.0
0.0
0.0
0.0
0.0
0.0
-0.0
117.5334645797
-0.0
0.0
-1.2e-08
0.0
0.0
-0.0
-0.0
0.0
-0.0
0.0
-0.0
-0.0
-0.0
0.0
-0.0
-0.0
-0.0
0.0
-0.0
-0.0
0.0
-0.0
-0.0
-0.0
0.0
-0.0
0.0
0.0
-0.0
-0.0
0.0
-0.0
0.0
0.0
0.0
0.0
0.0
0.0
0.0
0.0
0.0
-0.0
0.0
-0.0
0.0
0.0
0.0
-0.0
-0.0
-0.0
0.0
-0.0
0.0
0.0
0.0
0.0
-0.0
0.0
0.0
0.0
0.0
-0.0
0.0
-0.0
-1e-10
-0.0
0.0
-0.0
0.0
-0.0
-0.0
-0.0
-0.0
-0.0
-0.0
-0.0
0.0
-0.0
-0.0
0.0
0.0
-0.0
0.0
-0.0
0.0
-0.0
0.0
0.0
0.0
-0.0
1.2e-08
0.0
-0.0
0.0
0.0
0.0
-0.0
-0.0
-0.0
0.0
-0.0
-0.0
0.0
28.3501383507
-0.0
68.4720892744
0.0
0.0
0.0
0.0
-0.0
0.0
-0.0
0.0
0.0
-0.0
-0.0
0.0
0.0
0.0
-0.0
65.4718400333
-0.0
38.8200257076
0.0
0.0
-0.0
-0.0
0.0
-0.0
0.0
-0.0
0.0
-0.0
0.0
0.0
-0.0
0.0
58.1101001466
0.0
-37.6151604272
-0.0
1e-10
-0.0
-0.0
0.0
0.0
-0.0
0.0
0.0
-0.0
-0.0
0.0
0.0
-11.2063761461
-0.0
-86.3691047766
0.0
2.6e-09
0.0
0.0
-0.0
-0.0
0.0
0.0
-0.0
0.0
0.0
0.0
-97.050064269
-0.0
52.562563022
-1.55889e-05
-0.0
1.58e-08
-0.0
-0.0
0.0
0.0
0.0
-0.0
-0.0
0.0
-0.0
-0.0
-5e-10
0.0
0.0
0.0
-0.0
0.0
-0.0
0.0
0.0
-0.0
-0.0
-0.0
0.0
0.0
-0.0
0.0
0.0
-0.0
-0.0
-0.0
-0.0
0.0
0.0
0.0
-0.0
-0.0
0.0
0.0
-0.0
0.0
-0.0
0.0
0.0
0.0
-0.0
-0.0
-0.0
0.0
-0.0
-0.0
-0.0
-0.0
0.0
0.0
0.0
0.0
-0.0
0.0
-0.0
0.0
0.0
-0.0
0.0
0.0
0.0
-0.0
-0.0
-0.0
-0.0
-0.0
-0.0
-0.0
-0.0
-0.0
-0.0
-0.0
-0.0
0.0
-0.0
0.0
-0.0
0.0
-0.0
0.0
-1.58e-08
5e-10
-0.0
1.55889e-05
-0.0
0.0
-0.0
0.0
-0.0
0.0
0.0
-0.0
-0.0
0.0
-85.050415052
-0.0
0.0
0.0
75.0074157101
0.0
-2e-10
0.0
-0.0
0.0
0.0
-0.0
-0.0
-0.0
0.0
0.0
0.0
-8.8397087147
0.0
0.0
-0.0
35.9070665418
0.0
-0.0
-4.8e-09
-0.0
-0.0
0.0
0.0
-0.0
-0.0
-0.0
-0.0
59.2985687618
-0.0
1e-10
0.0
-87.9539907454
-0.0
-0.0
0.0
0.0
0.0
0.0
0.0
-0.0
-0.0
0.0
93.7592696375
0.0
4.844e-07
-0.0
0.0
2.59675e-05
0.0
-2.98e-08
0.0
0.0
0.0
0.0
0.0
-0.0
-0.0
-0.0
0.0
-0.0
9.3e-09
-0.0
-0.0
0.0
-0.0
0.0
0.0
0.0
0.0
0.0
-0.0
-0.0
-0.0
0.0
0.0
0.0
0.0
0.0
-0.0
0.0
0.0
0.0
0.0
-0.0
-0.0
-0.0
-0.0
0.0
-0.0
-0.0
0.0
-0.0
-0.0
-0.0
-0.0
-0.0
0.0
-0.0
0.0
-0.0
-0.0
-0.0
-0.0
0.0
-0.0
0.0
0.0
0.0
-0.0
-0.0
-0.0
-0.0
-0.0
0.0
0.0
0.0
0.0
-0.0
-0.0
-0.0
-0.0
-0.0
0.0
0.0
-0.0
0.0
-0.0
0.0
0.0
-0.0
2.98e-08
0.0
-9.3e-09
0.0
-0.0
-2.59675e-05
0.0
0.0
-0.0
1.03e-08
0.0
-0.0
-0.0
-0.0
-0.0
-0.0
-68.5128343474
-0.0
-0.0
-0.0
-2e-10
0.0
101.5605199656
-1e-09
-0.0
0.0
-0.0
0.0
-0.0
-0.0
0.0
-0.0
-84.2095353984
-0.0
-1e-10
0.0
2.225e-07
-0.0
-1.08476e-05
-0.0
-0.0
0.0
-0.0
0.0
0.0
-0.0
0.0
-76.5541230892
-0.0
-9.721e-07
-0.0
0.0003936258
0.0090771487
0.0
-5.53744e-05
0.0
4.06e-08
0.0
0.0
-0.0
0.0
0.0
0.0
-0.0
-0.0
1.83618e-05
-0.0
-1.32e-08
-0.0
0.0
0.0
-0.0
0.0
-0.0
-0.0
-0.0
-0.0
-2.28e-08
0.0
0.0
-0.0
0.0
0.0
-0.0
-0.0
-0.0
-0.0
0.0
-0.0
0.0
0.0
0.0
0.0
0.0
0.0
-0.0
-0.0
-0.0
-0.0
-0.0
0.0
0.0
-0.0
0.0
-0.0
0.0
0.0
-0.0
-0.0
-0.0
0.0
0.0
-0.0
-0.0
0.0
0.0
0.0
-0.0
0.0
0.0
0.0
0.0
0.0
0.0
-0.0
-0.0
-0.0
0.0
0.0
0.0
-0.0
-0.0
-4.06e-08
0.0
0.0
1.32e-08
0.0
2.28e-08
0.0
5.53744e-05
-1.83618e-05
-0.0
-0.0090771487
0.0
2.07908e-05
-0.0
-0.0
0.0
-0.0
0.0
0.0
113.4005534027
0.0
2e-10
-0.0
-1.6751e-06
0.0
-0.0006601305
0.0
0.0
-0.0
0.0
0.0
-0.0
0.0
0.0
51.3540669556
-0.0
1.9688e-06
-0.0
-0.0007231368
-0.0
-0.0
-0.0148229218
0.0
0.0001104625
-0.0
-2.62e-08
-0.0
-0.0
0.0
-0.0
0.0
-0.0
-0.0
0.0
-7.51353e-05
0.0
4.51e-08
-0.0
0.0
0.0
0.0
-0.0
-0.0
-0.0
0.0
0.0
-2.44e-08
0.0
0.0
-0.0
-0.0
-0.0
-0.0
0.0
0.0
0.0
0.0
-0.0
-0.0
0.0
0.0
0.0
0.0
-0.0
0.0
-0.0
0.0
0.0
-0.0
-0.0
-0.0
0.0
-0.0
0.0
-0.0
-0.0
0.0
-0.0
-0.0
-0.0
-0.0
-0.0
-0.0
0.0
0.0
-0.0
-0.0
0.0
0.0
-0.0
0.0
0.0
0.0
-0.0
0.0
2.62e-08
-0.0
0.0
-0.0
-4.51e-08
-0.0
-0.0
2.44e-08
-0.0
-0.0001104625
0.0
7.51353e-05
0.0
-0.0
0.0148229218
0.0
0.0123335125
0.0
-0.0
0.0
-0.0
-0.0
-0.0
-35.4376729383
0.0
-6.613e-07
0.0
0.0015676245
-0.0
-0.1786450753
-1.7269070264
-0.0
0.037832959
-0.0
-4.57534e-05
-0.0
0.0
-0.0
0.0
-0.0
-0.0
0.0
-0.0
-0.0579917759
0.0
0.0001094987
-0.0
-2.15e-08
-0.0
-0.0
0.0
-0.0
0.0
-0.0
-0.0
-0.0001430637
-0.0
3.2e-08
-0.0
0.0
-0.0
0.0
-0.0
0.0
-0.0
-0.0
-3.65e-08
0.0
0.0
-0.0
0.0
-0.0
-0.0
-0.0
-0.0
0.0
-0.0
0.0
0.0
-0.0
-0.0
0.0
0.0
0.0
0.0
0.0
0.0
-0.0
0.0
-0.0
0.0
-0.0
-0.0
0.0
-0.0
0.0
-0.0
0.0
0.0
-1.44e-08
0.0
0.0
-0.0
0.0
2.15e-08
-0.0
0.0
0.0
-3.2e-08
-0.0
4.57534e-05
3.65e-08
0.0
-0.0001094987
0.0
0.0001430637
-0.0
-0.037832959
0.0579917759
-0.0
1.7269070264
-0.0
0.0
0.0
0.0
-0.0
0.0
-79.4792167987
-0.0
0.0012969203
-0.0
-0.4108599726
-0.0
8.2964271083
-0.0
-0.0
-0.0
0.0
-0.0
-0.0
105.1411210239
0.0
-0.0027264327
0.0
0.611154205
-0.0
0.0
-0.0
0.0
0.0
2e-10
0.0
-141.7722586669
-0.0
0.0034112009
-0.0
-0.4108599726
-0.0
0.0
-0.0
0.0
-1e-10
-0.0
155.3037282006
0.0
-0.0027264327
-0.0
0.0
-0.0
-0.0
0.0
1e-10
-0.0
-141.7722586669
-0.0
0.0012969201
0.0
0.0
0.0
0.0
-1e-10
0.0
105.1411210236
-0.0
0.0
0.0
0.0
0.0
-0.0
0.0
-0.0
0.0
-0.0
0.0
0.0
0.0
-0.0
-0.0
0.0
-0.0
0.0
-0.0
0.0
0.0
0.0
0.0
-0.0
0.0
0.0
0.0
-0.0
0.0
-0.0
0.0
-0.0
0.0
0.0
198.6980390387
-0.0
-2.9805e-06
0.0
0.0018475151
-0.0
0.1645415167
0.0
-0.0
0.0
-0.0
-0.0
-116.4777944165
-0.0
1.4809e-06
0.0
0.0018475151
-0.0
-0.0
0.0
0.0
-0.0
-0.0
44.832323974
-0.0
1.4809e-06
0.0
-0.002880606
0.0
0.0
-0.0
0.0
0.0
44.832323974
-0.0
-2.9805e-06
0.0
0.0
-0.0
-0.0
0.0
-0.0
-116.4777944165
-0.0
-105.1411173982
-0.0
-0.0
0.0
0.0
0.0
-0.0
-0.0
-0.0
-0.0
0.0
0.0
-0.0
-0.0
0.0
-0.0
0.0
-0.0
0.0
-0.0
0.0
-0.0
0.0
-0.0
-0.0
0.0
0.0
-0.0
0.0
0.0
-0.0
-0.0
0.0
-28.901532951
-0.0
-1e-10
-0.0
1.9486e-06
0.0
0.0012807796
0.0
0.0
-0.0
-0.0
-75.5648666428
0.0
3e-10
0.0
6.058e-07
0.0
0.0
0.0
0.0
-0.0
114.6994030455
0.0
-1e-10
0.0
141.7722536064
-0.0
-0.0
-0.0
-0.0
-75.5648666428
-0.0
116.477794416
-0.0
-0.0
-0.0
0.0
-0.0
0.0
-0.0
-0.0
-0.0
0.0
0.0
0.0
-0.0
-0.0
-0.0
-0.0
0.0
0.0
0.0
-0.0
-0.0
0.0
0.0
0.0
-0.0
-0.0
0.0
0.0
-0.0
-0.0
0.0
-0.0
-155.3457396118
0.0
-0.0
0.0
1e-10
0.0
-155.3037240722
0.0
-0.0
-0.0
49.6662984181
0.0
0.0
-0.0
-44.8323239739
0.0
-0.0
0.0
-0.0
49.6662984181
0.0
75.5648666428
0.0
-3e-10
-0.0
-0.0
0.0
0.0
0.0
0.0
0.0
-0.0
-0.0
-0.0
0.0
-0.0
0.0
-0.0
-0.0
-0.0
0.0
-0.0
-0.0
-0.0
-0.0
0.0
-0.0
-0.0
-0.0
-0.0
-0.0
-0.0
-0.0
0.0
-79.4792156153
0.0
-0.0
0.0
-114.6994030455
0.0
3e-10
-0.0
0.0
104.705750634
-0.0
-49.6662984181
-0.0
0.0
-0.0
0.0
-0.0
-0.0
-0.0
-0.0
-0.0
0.0
0.0
-0.0
0.0
-0.0
0.0
0.0
-0.0
-0.0
-0.0
0.0
-0.0
-0.0
-0.0
0.0
0.0
0.0
-0.0
-0.0
0.0
-0.0
-0.0
0.0
72.2538323776
0.0
-104.705750634
0.0
0.0
-0.0
0.0
0.0
-0.0
0.0
-0.0
0.0
-0.0
-0.0
-0.0
0.0
-0.0
0.0
-0.0
-0.0
-0.0
-0.0
0.0
-0.0
0.0
0.0
0.0
-0.0
-0.0
0.0
-0.0
-0.0
-0.0
-0.0
-0.0
144.5076647558
0.0
-0.0
-0.0
0.0
-0.0
0.0
72.2538323776
0.0
0.0
-0.0
0.0
0.0
-79.4792156153
-0.0
-0.0
-0.0
-0.0
-155.3457396118
0.0
-0.0
0.0
-28.901532951
0.0
-1e-10
198.6980390383
0.0
-79.4792152872
0.0
104.705750634
0.0
0.0
-0.0
0.0
-0.0
49.6662984181
-0.0
0.0
-0.0
0.0
-75.5648666428
-0.0
2e-10
0.0
-116.4777944163
-0.0
-0.0
105.1411190242
-0.0
0.0
0.0
114.6994030455
-0.0
-3e-10
-0.0
0.0
44.8323239739
0.0
1e-10
0.0
-141.7722556847
2.31e-07
-0.0
-0.0002732824
-0.0
-1e-10
-0.0
155.3037240722
0.0
2.694e-07
-0.0
-0.0
0.0005680068
-0.0
-1.9486e-06
-0.0
-0.0012807796
0.0001026397
-0.0
0.0810146425
-0.0
-0.1645415167
0.0
-8.2964271083
